Habitats/outputs/crm-bathy-resolutions/crm 360x300 3s 81m.asc
NCOLS 300 
NROWS 360 
XLLCORNER -83.25042 
YLLCORNER 29.09958 
CELLSIZE 0.000833333333333333 
NODATA_value 0 
[rows 322 to 344 of 360, columns 156 to 207 of 300]
2.79999995231628 2.70000004768372 2.70000004768372 2.59999990463257 2.5 2.40000009536743 2.29999995231628 2.29999995231628 2.20000004768372 2.09999990463257 2 1.89999997615814 1.79999995231628 1.70000004768372 1.70000004768372 1.60000002384186 1.5 1.39999997615814 1.29999995231628 1.20000004768372 1.10000002384186 1 0.899999976158142 0.800000011920929 0.699999988079071 0.600000023841858 0.5 0.400000005960464 0.300000011920929 0.200000002980232 0.100000001490116 0.100000001490116 0.100000001490116 0.100000001490116 0.100000001490116 0.100000001490116 0.100000001490116 0.100000001490116 0.100000001490116 0.100000001490116 0.100000001490116 0.100000001490116 0.100000001490116 0.100000001490116 0.100000001490116 0.100000001490116 0.100000001490116 0.100000001490116 0.100000001490116 0.100000001490116 0.100000001490116 0.100000001490116
2.79999995231628 2.79999995231628 2.70000004768372 2.59999990463257 2.5 2.40000009536743 2.40000009536743 2.29999995231628 2.20000004768372 2.09999990463257 2 1.89999997615814 1.79999995231628 1.79999995231628 1.70000004768372 1.60000002384186 1.5 1.39999997615814 1.29999995231628 1.20000004768372 1.10000002384186 1 0.899999976158142 0.800000011920929 0.699999988079071 0.600000023841858 0.5 0.400000005960464 0.200000002980232 0.100000001490116 0.100000001490116 0.100000001490116 0.100000001490116 0.100000001490116 0.100000001490116 0.100000001490116 0.100000001490116 0.100000001490116 0.100000001490116 0.100000001490116 0.100000001490116 0.100000001490116 0.100000001490116 0.100000001490116 0.100000001490116 0.100000001490116 0.100000001490116 0.100000001490116 0.100000001490116 0.100000001490116 0.100000001490116 0.100000001490116
2.90000009536743 2.79999995231628 2.70000004768372 2.59999990463257 2.5 2.5 2.40000009536743 2.29999995231628 2.20000004768372 2.09999990463257 2 1.89999997615814 1.89999997615814 1.79999995231628 1.70000004768372 1.60000002384186 1.5 1.39999997615814 1.29999995231628 1.20000004768372 1.10000002384186 1 0.899999976158142 0.800000011920929 0.699999988079071 0.600000023841858 0.5 0.400000005960464 0.200000002980232 0.100000001490116 0.100000001490116 0.100000001490116 0.100000001490116 0.100000001490116 0.100000001490116 0.100000001490116 0.100000001490116 0.100000001490116 0.100000001490116 0.100000001490116 0.100000001490116 0.100000001490116 0.100000001490116 0.100000001490116 0.100000001490116 0.100000001490116 0.100000001490116 0.100000001490116 0.100000001490116 0.100000001490116 0.100000001490116 0.100000001490116
2.90000009536743 2.79999995231628 2.70000004768372 2.59999990463257 2.5 2.5 2.40000009536743 2.29999995231628 2.20000004768372 2.09999990463257 2 2 1.89999997615814 1.79999995231628 1.70000004768372 1.60000002384186 1.5 1.39999997615814 1.29999995231628 1.20000004768372 1.10000002384186 1 0.899999976158142 0.800000011920929 0.699999988079071 0.600000023841858 0.5 0.400000005960464 0.300000011920929 0.200000002980232 0.100000001490116 0.100000001490116 0.100000001490116 0.100000001490116 0.100000001490116 0.100000001490116 0.100000001490116 0.100000001490116 0.100000001490116 0.100000001490116 0.100000001490116 0.100000001490116 0.100000001490116 0.100000001490116 0.100000001490116 0.100000001490116 0.100000001490116 0.100000001490116 0.100000001490116 0.100000001490116 0.100000001490116 0.100000001490116
2.90000009536743 2.79999995231628 2.70000004768372 2.59999990463257 2.59999990463257 2.5 2.40000009536743 2.29999995231628 2.20000004768372 2.09999990463257 2.09999990463257 2 1.89999997615814 1.79999995231628 1.70000004768372 1.60000002384186 1.5 1.39999997615814 1.29999995231628 1.20000004768372 1.10000002384186 1 0.899999976158142 0.800000011920929 0.699999988079071 0.600000023841858 0.5 0.400000005960464 0.300000011920929 0.200000002980232 0.100000001490116 0.100000001490116 0.100000001490116 0.100000001490116 0.100000001490116 0.100000001490116 0.100000001490116 0.100000001490116 0.100000001490116 0.100000001490116 0.100000001490116 0.100000001490116 0.100000001490116 0.100000001490116 0.100000001490116 0.100000001490116 0.100000001490116 0.100000001490116 0.100000001490116 0.100000001490116 0.100000001490116 0.100000001490116
2.90000009536743 2.79999995231628 2.70000004768372 2.70000004768372 2.59999990463257 2.5 2.40000009536743 2.29999995231628 2.20000004768372 2.20000004768372 2.09999990463257 2 1.89999997615814 1.79999995231628 1.70000004768372 1.60000002384186 1.5 1.39999997615814 1.29999995231628 1.20000004768372 1.10000002384186 1 0.899999976158142 0.800000011920929 0.699999988079071 0.600000023841858 0.5 0.400000005960464 0.300000011920929 0.300000011920929 0.200000002980232 0.100000001490116 0.100000001490116 0.100000001490116 0.100000001490116 0.100000001490116 0.100000001490116 0.100000001490116 0.100000001490116 0.100000001490116 0.100000001490116 0.100000001490116 0.100000001490116 0.100000001490116 0.100000001490116 0.100000001490116 0.100000001490116 0.100000001490116 0.100000001490116 0.100000001490116 0.100000001490116 0.100000001490116
2.90000009536743 2.79999995231628 2.79999995231628 2.70000004768372 2.59999990463257 2.5 2.40000009536743 2.40000009536743 2.29999995231628 2.20000004768372 2.09999990463257 2 1.89999997615814 1.79999995231628 1.70000004768372 1.60000002384186 1.60000002384186 1.5 1.39999997615814 1.29999995231628 1.20000004768372 1.10000002384186 1 0.899999976158142 0.800000011920929 0.699999988079071 0.600000023841858 0.5 0.400000005960464 0.300000011920929 0.200000002980232 0.200000002980232 0.100000001490116 0.100000001490116 0.100000001490116 0.100000001490116 0.100000001490116 0.100000001490116 0.100000001490116 0.100000001490116 0.100000001490116 0.100000001490116 0.100000001490116 0.100000001490116 0.100000001490116 0.100000001490116 0.100000001490116 0.100000001490116 0.100000001490116 0.100000001490116 0.100000001490116 0.100000001490116
2.90000009536743 2.90000009536743 2.79999995231628 2.70000004768372 2.59999990463257 2.5 2.5 2.40000009536743 2.29999995231628 2.20000004768372 2.09999990463257 2 1.89999997615814 1.79999995231628 1.79999995231628 1.70000004768372 1.60000002384186 1.5 1.39999997615814 1.29999995231628 1.20000004768372 1.10000002384186 1 0.899999976158142 0.800000011920929 0.699999988079071 0.600000023841858 0.5 0.400000005960464 0.300000011920929 0.200000002980232 0.200000002980232 0.100000001490116 0.100000001490116 0.100000001490116 0.100000001490116 0.100000001490116 0.100000001490116 0.100000001490116 0.100000001490116 0.100000001490116 0.100000001490116 0.100000001490116 0.100000001490116 0.100000001490116 0.100000001490116 0.100000001490116 0.100000001490116 0.100000001490116 0.100000001490116 0.100000001490116 0.100000001490116
3 2.90000009536743 2.79999995231628 2.70000004768372 2.59999990463257 2.59999990463257 2.5 2.40000009536743 2.29999995231628 2.20000004768372 2.09999990463257 2 2 1.89999997615814 1.79999995231628 1.70000004768372 1.60000002384186 1.5 1.39999997615814 1.29999995231628 1.20000004768372 1.10000002384186 1 0.899999976158142 0.800000011920929 0.699999988079071 0.600000023841858 0.5 0.400000005960464 0.300000011920929 0.200000002980232 0.200000002980232 0.100000001490116 0.100000001490116 0.100000001490116 0.100000001490116 0.100000001490116 0.100000001490116 0.100000001490116 0.100000001490116 0.100000001490116 0.100000001490116 0.100000001490116 0.100000001490116 0.100000001490116 0.100000001490116 0.100000001490116 0.100000001490116 0.100000001490116 0.100000001490116 0.100000001490116 0.100000001490116
3 2.90000009536743 2.79999995231628 2.70000004768372 2.70000004768372 2.59999990463257 2.5 2.40000009536743 2.29999995231628 2.20000004768372 2.20000004768372 2.09999990463257 2 1.89999997615814 1.79999995231628 1.70000004768372 1.60000002384186 1.5 1.39999997615814 1.29999995231628 1.20000004768372 1.10000002384186 1 0.899999976158142 0.800000011920929 0.699999988079071 0.600000023841858 0.5 0.400000005960464 0.300000011920929 0.200000002980232 0.200000002980232 0.100000001490116 0.100000001490116 0.100000001490116 0.100000001490116 0.100000001490116 0.100000001490116 0.100000001490116 0.100000001490116 0.100000001490116 0.100000001490116 0.100000001490116 0.100000001490116 0.100000001490116 0.100000001490116 0.100000001490116 0.100000001490116 0.100000001490116 0.100000001490116 0.100000001490116 0.100000001490116
3 2.90000009536743 2.79999995231628 2.79999995231628 2.70000004768372 2.59999990463257 2.5 2.40000009536743 2.29999995231628 2.29999995231628 2.20000004768372 2.09999990463257 2 1.89999997615814 1.79999995231628 1.70000004768372 1.60000002384186 1.5 1.39999997615814 1.29999995231628 1.20000004768372 1.20000004768372 1.10000002384186 0.899999976158142 0.800000011920929 0.699999988079071 0.600000023841858 0.5 0.400000005960464 0.300000011920929 0.200000002980232 0.200000002980232 0.100000001490116 0.100000001490116 0.100000001490116 0.100000001490116 0.100000001490116 0.100000001490116 0.100000001490116 0.100000001490116 0.100000001490116 0.100000001490116 0.100000001490116 0.100000001490116 0.100000001490116 0.100000001490116 0.100000001490116 0.100000001490116 0.100000001490116 0.100000001490116 0.100000001490116 0.100000001490116
3 2.90000009536743 2.90000009536743 2.79999995231628 2.70000004768372 2.59999990463257 2.5 2.5 2.40000009536743 2.29999995231628 2.20000004768372 2.09999990463257 2 1.89999997615814 1.79999995231628 1.79999995231628 1.70000004768372 1.60000002384186 1.5 1.39999997615814 1.29999995231628 1.20000004768372 1.10000002384186 1 0.899999976158142 0.800000011920929 0.699999988079071 0.600000023841858 0.5 0.400000005960464 0.200000002980232 0.100000001490116 0.100000001490116 0.100000001490116 0.100000001490116 0.100000001490116 0.100000001490116 0.100000001490116 0.100000001490116 0.100000001490116 0.100000001490116 0.100000001490116 0.100000001490116 0.100000001490116 0.100000001490116 0.100000001490116 0.100000001490116 0.100000001490116 0.100000001490116 0.100000001490116 0.100000001490116 0.100000001490116
3 3 2.90000009536743 2.79999995231628 2.70000004768372 2.59999990463257 2.59999990463257 2.5 2.40000009536743 2.29999995231628 2.20000004768372 2.09999990463257 2 2 1.89999997615814 1.79999995231628 1.70000004768372 1.60000002384186 1.5 1.39999997615814 1.29999995231628 1.20000004768372 1.10000002384186 1 0.899999976158142 0.800000011920929 0.699999988079071 0.600000023841858 0.5 0.400000005960464 0.200000002980232 0.100000001490116 0.100000001490116 0.100000001490116 0.100000001490116 0.100000001490116 0.100000001490116 0.100000001490116 0.100000001490116 0.100000001490116 0.100000001490116 0.100000001490116 0.100000001490116 0.100000001490116 0.100000001490116 0.100000001490116 0.100000001490116 0.100000001490116 0.100000001490116 0.100000001490116 0.100000001490116 0.100000001490116
3.09999990463257 3 2.90000009536743 2.79999995231628 2.70000004768372 2.70000004768372 2.59999990463257 2.5 2.40000009536743 2.29999995231628 2.20000004768372 2.20000004768372 2.09999990463257 2 1.89999997615814 1.79999995231628 1.70000004768372 1.60000002384186 1.5 1.39999997615814 1.29999995231628 1.20000004768372 1.10000002384186 1 0.899999976158142 0.800000011920929 0.699999988079071 0.600000023841858 0.5 0.400000005960464 0.300000011920929 0.100000001490116 0.100000001490116 0.100000001490116 0.100000001490116 0.100000001490116 0.100000001490116 0.100000001490116 0.100000001490116 0.100000001490116 0.100000001490116 0.100000001490116 0.100000001490116 0.100000001490116 0.100000001490116 0.100000001490116 0.100000001490116 0.100000001490116 0.100000001490116 0.100000001490116 0.100000001490116 0.100000001490116
3.09999990463257 3 2.90000009536743 2.79999995231628 2.79999995231628 2.70000004768372 2.59999990463257 2.5 2.40000009536743 2.40000009536743 2.29999995231628 2.20000004768372 2.09999990463257 2 1.89999997615814 1.79999995231628 1.70000004768372 1.70000004768372 1.60000002384186 1.5 1.39999997615814 1.29999995231628 1.20000004768372 1.10000002384186 1 0.899999976158142 0.800000011920929 0.699999988079071 0.600000023841858 0.5 0.300000011920929 0.200000002980232 0.100000001490116 0.100000001490116 0.100000001490116 0.100000001490116 0.100000001490116 0.100000001490116 0.100000001490116 0.100000001490116 0.100000001490116 0.100000001490116 0.100000001490116 0.100000001490116 0.100000001490116 0.100000001490116 0.100000001490116 0.100000001490116 0.100000001490116 0.100000001490116 0.100000001490116 0.100000001490116
3.09999990463257 3 3 2.90000009536743 2.79999995231628 2.70000004768372 2.59999990463257 2.5 2.5 2.40000009536743 2.29999995231628 2.20000004768372 2.09999990463257 2 2 1.89999997615814 1.79999995231628 1.70000004768372 1.60000002384186 1.5 1.39999997615814 1.29999995231628 1.20000004768372 1.10000002384186 1 0.899999976158142 0.800000011920929 0.699999988079071 0.600000023841858 0.5 0.400000005960464 0.300000011920929 0.200000002980232 0.200000002980232 0.200000002980232 0.200000002980232 0.100000001490116 0.100000001490116 0.100000001490116 0.100000001490116 0.100000001490116 0.100000001490116 0.100000001490116 0.100000001490116 0.100000001490116 0.100000001490116 0.100000001490116 0.100000001490116 0.100000001490116 0.100000001490116 0.100000001490116 0.100000001490116
3.09999990463257 3.09999990463257 3 2.90000009536743 2.79999995231628 2.70000004768372 2.70000004768372 2.59999990463257 2.5 2.40000009536743 2.29999995231628 2.20000004768372 2.20000004768372 2.09999990463257 2 1.89999997615814 1.79999995231628 1.70000004768372 1.60000002384186 1.5 1.39999997615814 1.29999995231628 1.29999995231628 1.20000004768372 1.10000002384186 1 0.899999976158142 0.800000011920929 0.699999988079071 0.600000023841858 0.5 0.400000005960464 0.300000011920929 0.300000011920929 0.300000011920929 0.200000002980232 0.200000002980232 0.200000002980232 0.200000002980232 0.200000002980232 0.200000002980232 0.100000001490116 0.100000001490116 0.100000001490116 0.100000001490116 0.100000001490116 0.100000001490116 0.100000001490116 0.100000001490116 0.100000001490116 0.100000001490116 0.100000001490116
3.20000004768372 3.09999990463257 3 2.90000009536743 2.79999995231628 2.79999995231628 2.70000004768372 2.59999990463257 2.5 2.40000009536743 2.40000009536743 2.29999995231628 2.20000004768372 2.09999990463257 2 1.89999997615814 1.79999995231628 1.79999995231628 1.70000004768372 1.60000002384186 1.5 1.39999997615814 1.29999995231628 1.20000004768372 1.10000002384186 1 0.899999976158142 0.800000011920929 0.699999988079071 0.699999988079071 0.600000023841858 0.5 0.400000005960464 0.400000005960464 0.300000011920929 0.300000011920929 0.300000011920929 0.300000011920929 0.200000002980232 0.200000002980232 0.200000002980232 0.200000002980232 0.200000002980232 0.200000002980232 0.200000002980232 0.200000002980232 0.100000001490116 0.100000001490116 0.100000001490116 0.100000001490116 0.100000001490116 0.100000001490116
3.20000004768372 3.09999990463257 3 2.90000009536743 2.90000009536743 2.79999995231628 2.70000004768372 2.59999990463257 2.5 2.5 2.40000009536743 2.29999995231628 2.20000004768372 2.09999990463257 2 2 1.89999997615814 1.79999995231628 1.70000004768372 1.60000002384186 1.5 1.39999997615814 1.29999995231628 1.20000004768372 1.20000004768372 1.10000002384186 1 0.899999976158142 0.800000011920929 0.699999988079071 0.600000023841858 0.600000023841858 0.5 0.5 0.400000005960464 0.400000005960464 0.300000011920929 0.300000011920929 0.300000011920929 0.300000011920929 0.200000002980232 0.200000002980232 0.200000002980232 0.200000002980232 0.200000002980232 0.200000002980232 0.200000002980232 0.200000002980232 0.100000001490116 0.100000001490116 0.100000001490116 0.100000001490116
3.20000004768372 3.09999990463257 3.09999990463257 3 2.90000009536743 2.79999995231628 2.70000004768372 2.70000004768372 2.59999990463257 2.5 2.40000009536743 2.29999995231628 2.20000004768372 2.20000004768372 2.09999990463257 2 1.89999997615814 1.79999995231628 1.70000004768372 1.60000002384186 1.60000002384186 1.5 1.39999997615814 1.29999995231628 1.20000004768372 1.10000002384186 1 1 0.899999976158142 0.800000011920929 0.699999988079071 0.600000023841858 0.600000023841858 0.5 0.5 0.400000005960464 0.400000005960464 0.400000005960464 0.300000011920929 0.300000011920929 0.300000011920929 0.300000011920929 0.300000011920929 0.200000002980232 0.200000002980232 0.200000002980232 0.200000002980232 0.200000002980232 0.200000002980232 0.100000001490116 0.100000001490116 0.100000001490116
3.20000004768372 3.20000004768372 3.09999990463257 3 2.90000009536743 2.79999995231628 2.79999995231628 2.70000004768372 2.59999990463257 2.5 2.40000009536743 2.40000009536743 2.29999995231628 2.20000004768372 2.09999990463257 2 1.89999997615814 1.89999997615814 1.79999995231628 1.70000004768372 1.60000002384186 1.5 1.39999997615814 1.29999995231628 1.29999995231628 1.20000004768372 1.10000002384186 1 0.899999976158142 0.899999976158142 0.800000011920929 0.699999988079071 0.699999988079071 0.600000023841858 0.5 0.5 0.5 0.400000005960464 0.400000005960464 0.400000005960464 0.300000011920929 0.300000011920929 0.300000011920929 0.300000011920929 0.200000002980232 0.200000002980232 0.200000002980232 0.200000002980232 0.200000002980232 0.200000002980232 0.100000001490116 0.100000001490116
3.29999995231628 3.20000004768372 3.09999990463257 3 3 2.90000009536743 2.79999995231628 2.70000004768372 2.59999990463257 2.59999990463257 2.5 2.40000009536743 2.29999995231628 2.20000004768372 2.09999990463257 2.09999990463257 2 1.89999997615814 1.79999995231628 1.70000004768372 1.60000002384186 1.60000002384186 1.5 1.39999997615814 1.29999995231628 1.20000004768372 1.10000002384186 1.10000002384186 1 0.899999976158142 0.800000011920929 0.800000011920929 0.699999988079071 0.699999988079071 0.600000023841858 0.600000023841858 0.5 0.5 0.400000005960464 0.400000005960464 0.400000005960464 0.300000011920929 0.300000011920929 0.300000011920929 0.300000011920929 0.300000011920929 0.200000002980232 0.200000002980232 0.200000002980232 0.200000002980232 0.200000002980232 0.100000001490116
3.29999995231628 3.20000004768372 3.09999990463257 3.09999990463257 3 2.90000009536743 2.79999995231628 2.70000004768372 2.70000004768372 2.59999990463257 2.5 2.40000009536743 2.29999995231628 2.29999995231628 2.20000004768372 2.09999990463257 2 1.89999997615814 1.89999997615814 1.79999995231628 1.70000004768372 1.60000002384186 1.5 1.39999997615814 1.39999997615814 1.29999995231628 1.20000004768372 1.10000002384186 1 1 0.899999976158142 0.800000011920929 0.800000011920929 0.699999988079071 0.699999988079071 0.600000023841858 0.600000023841858 0.5 0.5 0.5 0.400000005960464 0.400000005960464 0.400000005960464 0.300000011920929 0.300000011920929 0.300000011920929 0.300000011920929 0.200000002980232 0.200000002980232 0.200000002980232 0.200000002980232 0.200000002980232
