Habitats/outputs/crm-bathy-resolutions/crm 360x300 3s 81m.asc
NCOLS 300 
NROWS 360 
XLLCORNER -83.25042 
YLLCORNER 29.09958 
CELLSIZE 0.000833333333333333 
NODATA_value 0 
[rows 276 to 298 of 360, columns 104 to 155 of 300]
4.5 4.5 4.40000009536743 4.40000009536743 4.30000019073486 4.19999980926514 4.09999990463257 4.09999990463257 4.09999990463257 4 4 3.90000009536743 3.90000009536743 3.79999995231628 3.70000004768372 3.70000004768372 3.59999990463257 3.59999990463257 3.5 3.5 3.40000009536743 3.40000009536743 3.29999995231628 3.29999995231628 3.29999995231628 3.20000004768372 3.20000004768372 3.09999990463257 3.09999990463257 3 3 2.90000009536743 2.90000009536743 2.79999995231628 2.79999995231628 2.70000004768372 2.70000004768372 2.59999990463257 2.59999990463257 2.59999990463257 2.5 2.5 2.40000009536743 2.40000009536743 2.29999995231628 2.29999995231628 2.20000004768372 2.20000004768372 2.09999990463257 2.09999990463257 2 2
4.5 4.59999990463257 4.5 4.5 4.40000009536743 4.19999980926514 4.19999980926514 4.09999990463257 4.09999990463257 4.09999990463257 4 4 3.90000009536743 3.79999995231628 3.79999995231628 3.70000004768372 3.70000004768372 3.59999990463257 3.59999990463257 3.5 3.5 3.40000009536743 3.40000009536743 3.29999995231628 3.29999995231628 3.20000004768372 3.20000004768372 3.09999990463257 3.09999990463257 3 3 3 2.90000009536743 2.90000009536743 2.79999995231628 2.79999995231628 2.70000004768372 2.70000004768372 2.59999990463257 2.59999990463257 2.5 2.5 2.40000009536743 2.40000009536743 2.29999995231628 2.29999995231628 2.29999995231628 2.20000004768372 2.20000004768372 2.09999990463257 2.09999990463257 2
4.59999990463257 4.69999980926514 4.69999980926514 4.59999990463257 4.40000009536743 4.19999980926514 4.19999980926514 4.09999990463257 4.09999990463257 4.09999990463257 4.09999990463257 4 3.90000009536743 3.90000009536743 3.79999995231628 3.79999995231628 3.70000004768372 3.70000004768372 3.59999990463257 3.59999990463257 3.5 3.5 3.40000009536743 3.40000009536743 3.29999995231628 3.29999995231628 3.20000004768372 3.20000004768372 3.09999990463257 3.09999990463257 3 3 2.90000009536743 2.90000009536743 2.79999995231628 2.79999995231628 2.70000004768372 2.70000004768372 2.59999990463257 2.59999990463257 2.59999990463257 2.5 2.5 2.40000009536743 2.40000009536743 2.29999995231628 2.29999995231628 2.20000004768372 2.20000004768372 2.09999990463257 2.09999990463257 2
4.69999980926514 4.80000019073486 4.80000019073486 4.69999980926514 4.5 4.19999980926514 4.19999980926514 4.19999980926514 4.19999980926514 4.09999990463257 4.09999990463257 4 4 3.90000009536743 3.79999995231628 3.79999995231628 3.70000004768372 3.70000004768372 3.59999990463257 3.59999990463257 3.5 3.5 3.40000009536743 3.40000009536743 3.29999995231628 3.29999995231628 3.20000004768372 3.20000004768372 3.09999990463257 3.09999990463257 3 3 3 2.90000009536743 2.90000009536743 2.79999995231628 2.79999995231628 2.70000004768372 2.70000004768372 2.59999990463257 2.59999990463257 2.5 2.5 2.40000009536743 2.40000009536743 2.29999995231628 2.29999995231628 2.20000004768372 2.20000004768372 2.09999990463257 2.09999990463257 2.09999990463257
4.69999980926514 4.80000019073486 4.80000019073486 4.69999980926514 4.5 4.30000019073486 4.19999980926514 4.19999980926514 4.19999980926514 4.19999980926514 4.09999990463257 4 4 3.90000009536743 3.90000009536743 3.79999995231628 3.79999995231628 3.70000004768372 3.70000004768372 3.59999990463257 3.59999990463257 3.5 3.5 3.40000009536743 3.40000009536743 3.29999995231628 3.29999995231628 3.20000004768372 3.20000004768372 3.09999990463257 3.09999990463257 3 3 2.90000009536743 2.90000009536743 2.79999995231628 2.79999995231628 2.70000004768372 2.70000004768372 2.59999990463257 2.59999990463257 2.59999990463257 2.5 2.5 2.40000009536743 2.40000009536743 2.29999995231628 2.29999995231628 2.20000004768372 2.20000004768372 2.09999990463257 2.09999990463257
4.59999990463257 4.69999980926514 4.80000019073486 4.69999980926514 4.5 4.40000009536743 4.30000019073486 4.19999980926514 4.19999980926514 4.19999980926514 4.09999990463257 4.09999990463257 4 3.90000009536743 3.90000009536743 3.79999995231628 3.79999995231628 3.70000004768372 3.70000004768372 3.59999990463257 3.59999990463257 3.5 3.5 3.40000009536743 3.40000009536743 3.29999995231628 3.29999995231628 3.20000004768372 3.20000004768372 3.09999990463257 3.09999990463257 3.09999990463257 3 3 2.90000009536743 2.90000009536743 2.79999995231628 2.79999995231628 2.70000004768372 2.70000004768372 2.59999990463257 2.59999990463257 2.5 2.5 2.40000009536743 2.40000009536743 2.29999995231628 2.29999995231628 2.20000004768372 2.20000004768372 2.09999990463257 2.09999990463257
4.5 4.69999980926514 4.90000009536743 4.69999980926514 4.59999990463257 4.40000009536743 4.30000019073486 4.30000019073486 4.19999980926514 4.19999980926514 4.09999990463257 4.09999990463257 4 4 3.90000009536743 3.90000009536743 3.79999995231628 3.70000004768372 3.70000004768372 3.59999990463257 3.59999990463257 3.59999990463257 3.5 3.5 3.40000009536743 3.40000009536743 3.29999995231628 3.29999995231628 3.20000004768372 3.20000004768372 3.09999990463257 3.09999990463257 3 3 2.90000009536743 2.90000009536743 2.79999995231628 2.79999995231628 2.70000004768372 2.70000004768372 2.59999990463257 2.59999990463257 2.5 2.5 2.5 2.40000009536743 2.40000009536743 2.29999995231628 2.29999995231628 2.20000004768372 2.20000004768372 2.09999990463257
4.5 4.59999990463257 4.69999980926514 4.69999980926514 4.59999990463257 4.5 4.40000009536743 4.30000019073486 4.19999980926514 4.19999980926514 4.09999990463257 4.09999990463257 4 4 3.90000009536743 3.90000009536743 3.79999995231628 3.79999995231628 3.70000004768372 3.70000004768372 3.59999990463257 3.59999990463257 3.5 3.5 3.40000009536743 3.40000009536743 3.29999995231628 3.29999995231628 3.20000004768372 3.20000004768372 3.09999990463257 3.09999990463257 3.09999990463257 3 3 2.90000009536743 2.90000009536743 2.79999995231628 2.79999995231628 2.70000004768372 2.70000004768372 2.59999990463257 2.59999990463257 2.5 2.5 2.40000009536743 2.40000009536743 2.29999995231628 2.29999995231628 2.20000004768372 2.20000004768372 2.09999990463257
4.5 4.59999990463257 4.59999990463257 4.59999990463257 4.5 4.40000009536743 4.40000009536743 4.30000019073486 4.19999980926514 4.19999980926514 4.09999990463257 4.09999990463257 4 4 3.90000009536743 3.90000009536743 3.79999995231628 3.79999995231628 3.70000004768372 3.70000004768372 3.59999990463257 3.59999990463257 3.5 3.5 3.5 3.40000009536743 3.40000009536743 3.29999995231628 3.29999995231628 3.20000004768372 3.20000004768372 3.09999990463257 3.09999990463257 3 3 2.90000009536743 2.90000009536743 2.79999995231628 2.79999995231628 2.70000004768372 2.70000004768372 2.59999990463257 2.59999990463257 2.5 2.5 2.40000009536743 2.40000009536743 2.29999995231628 2.29999995231628 2.20000004768372 2.20000004768372 2.09999990463257
4.5 4.5 4.59999990463257 4.5 4.5 4.40000009536743 4.40000009536743 4.30000019073486 4.30000019073486 4.19999980926514 4.19999980926514 4.09999990463257 4.09999990463257 4 4 3.90000009536743 3.90000009536743 3.79999995231628 3.79999995231628 3.70000004768372 3.70000004768372 3.59999990463257 3.59999990463257 3.5 3.5 3.40000009536743 3.40000009536743 3.29999995231628 3.29999995231628 3.20000004768372 3.20000004768372 3.09999990463257 3.09999990463257 3.09999990463257 3 3 2.90000009536743 2.90000009536743 2.79999995231628 2.79999995231628 2.70000004768372 2.70000004768372 2.59999990463257 2.59999990463257 2.5 2.5 2.40000009536743 2.40000009536743 2.29999995231628 2.29999995231628 2.20000004768372 2.20000004768372
4.5 4.5 4.5 4.5 4.5 4.40000009536743 4.40000009536743 4.30000019073486 4.30000019073486 4.19999980926514 4.19999980926514 4.09999990463257 4.09999990463257 4 4 3.90000009536743 3.90000009536743 3.79999995231628 3.79999995231628 3.70000004768372 3.70000004768372 3.59999990463257 3.59999990463257 3.5 3.5 3.5 3.40000009536743 3.40000009536743 3.29999995231628 3.29999995231628 3.20000004768372 3.20000004768372 3.09999990463257 3.09999990463257 3 3 2.90000009536743 2.90000009536743 2.79999995231628 2.79999995231628 2.70000004768372 2.70000004768372 2.59999990463257 2.59999990463257 2.5 2.5 2.40000009536743 2.40000009536743 2.29999995231628 2.29999995231628 2.20000004768372 2.20000004768372
4.5 4.5 4.5 4.5 4.40000009536743 4.40000009536743 4.30000019073486 4.30000019073486 4.30000019073486 4.19999980926514 4.19999980926514 4.09999990463257 4.09999990463257 4 4 3.90000009536743 3.90000009536743 3.79999995231628 3.79999995231628 3.79999995231628 3.70000004768372 3.70000004768372 3.59999990463257 3.59999990463257 3.5 3.5 3.40000009536743 3.40000009536743 3.29999995231628 3.29999995231628 3.20000004768372 3.20000004768372 3.09999990463257 3.09999990463257 3.09999990463257 3 3 2.90000009536743 2.90000009536743 2.79999995231628 2.79999995231628 2.70000004768372 2.70000004768372 2.59999990463257 2.59999990463257 2.5 2.5 2.40000009536743 2.40000009536743 2.29999995231628 2.29999995231628 2.20000004768372
4.5 4.5 4.5 4.5 4.40000009536743 4.40000009536743 4.30000019073486 4.30000019073486 4.30000019073486 4.19999980926514 4.19999980926514 4.09999990463257 4.09999990463257 4 4 4 3.90000009536743 3.90000009536743 3.79999995231628 3.79999995231628 3.70000004768372 3.70000004768372 3.59999990463257 3.59999990463257 3.5 3.5 3.5 3.40000009536743 3.40000009536743 3.29999995231628 3.29999995231628 3.20000004768372 3.20000004768372 3.09999990463257 3.09999990463257 3 3 2.90000009536743 2.90000009536743 2.79999995231628 2.79999995231628 2.70000004768372 2.70000004768372 2.59999990463257 2.59999990463257 2.5 2.5 2.40000009536743 2.40000009536743 2.29999995231628 2.29999995231628 2.20000004768372
4.5 4.5 4.5 4.40000009536743 4.40000009536743 4.40000009536743 4.30000019073486 4.30000019073486 4.30000019073486 4.19999980926514 4.19999980926514 4.09999990463257 4.09999990463257 4.09999990463257 4 4 3.90000009536743 3.90000009536743 3.79999995231628 3.79999995231628 3.70000004768372 3.70000004768372 3.70000004768372 3.59999990463257 3.59999990463257 3.5 3.5 3.40000009536743 3.40000009536743 3.29999995231628 3.29999995231628 3.20000004768372 3.20000004768372 3.20000004768372 3.09999990463257 3.09999990463257 3 3 2.90000009536743 2.90000009536743 2.79999995231628 2.79999995231628 2.70000004768372 2.70000004768372 2.59999990463257 2.59999990463257 2.5 2.40000009536743 2.40000009536743 2.29999995231628 2.29999995231628 2.20000004768372
4.5 4.5 4.5 4.40000009536743 4.40000009536743 4.40000009536743 4.30000019073486 4.30000019073486 4.30000019073486 4.19999980926514 4.19999980926514 4.19999980926514 4.09999990463257 4.09999990463257 4 4 3.90000009536743 3.90000009536743 3.90000009536743 3.79999995231628 3.79999995231628 3.70000004768372 3.70000004768372 3.59999990463257 3.59999990463257 3.5 3.5 3.5 3.40000009536743 3.40000009536743 3.29999995231628 3.29999995231628 3.20000004768372 3.20000004768372 3.09999990463257 3.09999990463257 3 3 2.90000009536743 2.90000009536743 2.79999995231628 2.79999995231628 2.70000004768372 2.70000004768372 2.59999990463257 2.59999990463257 2.5 2.5 2.40000009536743 2.40000009536743 2.29999995231628 2.29999995231628
4.5 4.5 4.5 4.40000009536743 4.40000009536743 4.40000009536743 4.30000019073486 4.30000019073486 4.30000019073486 4.19999980926514 4.19999980926514 4.19999980926514 4.09999990463257 4.09999990463257 4 4 4 3.90000009536743 3.90000009536743 3.79999995231628 3.79999995231628 3.70000004768372 3.70000004768372 3.70000004768372 3.59999990463257 3.59999990463257 3.5 3.5 3.40000009536743 3.40000009536743 3.29999995231628 3.29999995231628 3.20000004768372 3.20000004768372 3.20000004768372 3.09999990463257 3.09999990463257 3 3 2.90000009536743 2.90000009536743 2.79999995231628 2.79999995231628 2.70000004768372 2.59999990463257 2.59999990463257 2.5 2.5 2.40000009536743 2.40000009536743 2.29999995231628 2.29999995231628
4.5 4.5 4.5 4.5 4.40000009536743 4.40000009536743 4.40000009536743 4.30000019073486 4.30000019073486 4.30000019073486 4.19999980926514 4.19999980926514 4.09999990463257 4.09999990463257 4.09999990463257 4 4 3.90000009536743 3.90000009536743 3.90000009536743 3.79999995231628 3.79999995231628 3.70000004768372 3.70000004768372 3.59999990463257 3.59999990463257 3.5 3.5 3.5 3.40000009536743 3.40000009536743 3.29999995231628 3.29999995231628 3.20000004768372 3.20000004768372 3.09999990463257 3.09999990463257 3 3 2.90000009536743 2.90000009536743 2.79999995231628 2.79999995231628 2.70000004768372 2.70000004768372 2.59999990463257 2.59999990463257 2.5 2.5 2.40000009536743 2.40000009536743 2.29999995231628
4.5 4.5 4.5 4.5 4.40000009536743 4.40000009536743 4.40000009536743 4.30000019073486 4.30000019073486 4.30000019073486 4.19999980926514 4.19999980926514 4.19999980926514 4.09999990463257 4.09999990463257 4 4 4 3.90000009536743 3.90000009536743 3.79999995231628 3.79999995231628 3.70000004768372 3.70000004768372 3.70000004768372 3.59999990463257 3.59999990463257 3.5 3.5 3.40000009536743 3.40000009536743 3.29999995231628 3.29999995231628 3.29999995231628 3.20000004768372 3.20000004768372 3.09999990463257 3.09999990463257 3 3 2.90000009536743 2.90000009536743 2.79999995231628 2.70000004768372 2.70000004768372 2.59999990463257 2.59999990463257 2.5 2.5 2.40000009536743 2.40000009536743 2.29999995231628
4.59999990463257 4.5 4.5 4.5 4.40000009536743 4.40000009536743 4.40000009536743 4.30000019073486 4.30000019073486 4.30000019073486 4.19999980926514 4.19999980926514 4.19999980926514 4.09999990463257 4.09999990463257 4.09999990463257 4 4 3.90000009536743 3.90000009536743 3.90000009536743 3.79999995231628 3.79999995231628 3.70000004768372 3.70000004768372 3.59999990463257 3.59999990463257 3.59999990463257 3.5 3.5 3.40000009536743 3.40000009536743 3.29999995231628 3.29999995231628 3.20000004768372 3.20000004768372 3.09999990463257 3.09999990463257 3 3 2.90000009536743 2.90000009536743 2.79999995231628 2.79999995231628 2.70000004768372 2.70000004768372 2.59999990463257 2.59999990463257 2.5 2.40000009536743 2.40000009536743 2.29999995231628
4.59999990463257 4.5 4.5 4.5 4.5 4.40000009536743 4.40000009536743 4.40000009536743 4.30000019073486 4.30000019073486 4.30000019073486 4.19999980926514 4.19999980926514 4.09999990463257 4.09999990463257 4.09999990463257 4 4 4 3.90000009536743 3.90000009536743 3.79999995231628 3.79999995231628 3.70000004768372 3.70000004768372 3.70000004768372 3.59999990463257 3.59999990463257 3.5 3.5 3.40000009536743 3.40000009536743 3.40000009536743 3.29999995231628 3.29999995231628 3.20000004768372 3.20000004768372 3.09999990463257 3.09999990463257 3 3 2.90000009536743 2.79999995231628 2.79999995231628 2.70000004768372 2.70000004768372 2.59999990463257 2.59999990463257 2.5 2.5 2.40000009536743 2.40000009536743
4.59999990463257 4.59999990463257 4.5 4.5 4.5 4.40000009536743 4.40000009536743 4.40000009536743 4.30000019073486 4.30000019073486 4.30000019073486 4.19999980926514 4.19999980926514 4.19999980926514 4.09999990463257 4.09999990463257 4.09999990463257 4 4 3.90000009536743 3.90000009536743 3.90000009536743 3.79999995231628 3.79999995231628 3.70000004768372 3.70000004768372 3.59999990463257 3.59999990463257 3.59999990463257 3.5 3.5 3.40000009536743 3.40000009536743 3.29999995231628 3.29999995231628 3.20000004768372 3.20000004768372 3.09999990463257 3.09999990463257 3 3 2.90000009536743 2.90000009536743 2.79999995231628 2.79999995231628 2.70000004768372 2.70000004768372 2.59999990463257 2.5 2.5 2.40000009536743 2.40000009536743
4.59999990463257 4.59999990463257 4.5 4.5 4.5 4.40000009536743 4.40000009536743 4.40000009536743 4.40000009536743 4.30000019073486 4.30000019073486 4.30000019073486 4.19999980926514 4.19999980926514 4.09999990463257 4.09999990463257 4.09999990463257 4 4 4 3.90000009536743 3.90000009536743 3.79999995231628 3.79999995231628 3.79999995231628 3.70000004768372 3.70000004768372 3.59999990463257 3.59999990463257 3.5 3.5 3.5 3.40000009536743 3.40000009536743 3.29999995231628 3.29999995231628 3.20000004768372 3.20000004768372 3.09999990463257 3.09999990463257 3 3 2.90000009536743 2.79999995231628 2.79999995231628 2.70000004768372 2.70000004768372 2.59999990463257 2.59999990463257 2.5 2.5 2.40000009536743
4.59999990463257 4.59999990463257 4.59999990463257 4.5 4.5 4.5 4.40000009536743 4.40000009536743 4.40000009536743 4.30000019073486 4.30000019073486 4.30000019073486 4.19999980926514 4.19999980926514 4.19999980926514 4.09999990463257 4.09999990463257 4.09999990463257 4 4 3.90000009536743 3.90000009536743 3.90000009536743 3.79999995231628 3.79999995231628 3.70000004768372 3.70000004768372 3.70000004768372 3.59999990463257 3.59999990463257 3.5 3.5 3.40000009536743 3.40000009536743 3.29999995231628 3.29999995231628 3.20000004768372 3.20000004768372 3.09999990463257 3.09999990463257 3 3 2.90000009536743 2.90000009536743 2.79999995231628 2.79999995231628 2.70000004768372 2.59999990463257 2.59999990463257 2.5 2.5 2.40000009536743
