analyses/habitats/outputs/crm-bathy-resolutions/crm 90x75 12s 324m.asc
NCOLS 75 
NROWS 90 
XLLCORNER -83.25042 
YLLCORNER 29.09958 
CELLSIZE 0.00333333333333333 
NODATA_value 0 
[rows 0 to 21 of 90, columns 0 to 48 of 75]
0.406250005587935 0.400000005960464 0.343750009313226 0.300000011920929 0.293750011362135 0.218750004656613 0.200000002980232 0.168750002514571 0.100000001490116 0.100000001490116 0.100000001490116 0.100000001490116 0.100000001490116 0.100000001490116 0.100000001490116 0.100000001490116 0.100000001490116 0.100000001490116 0.100000001490116 0.100000001490116 0 0 0 0 0 0 0 0 0 0 0 0 0 0 0 0 0 0 0 0 0 0 0 0 0 0 0 0 0
0.487500000745058 0.418750004842877 0.400000005960464 0.362500008195639 0.300000011920929 0.281250010244548 0.206250003539026 0.200000002980232 0.125000001862645 0.100000001490116 0.100000001490116 0.100000001490116 0.100000001490116 0.100000001490116 0.100000001490116 0.100000001490116 0.100000001490116 0.100000001490116 0.100000001490116 0.100000001490116 0.100000001490116 0.100000001490116 0 0 0 0 0 0 0 0 0 0 0 0 0 0 0 0 0 0 0 0 0 0 0 0 0 0 0
0.512500002980232 0.493750000372529 0.418750004842877 0.400000005960464 0.337500009685755 0.300000011920929 0.268750009126961 0.200000002980232 0.187500002793968 0.100000001490116 0.100000001490116 0.100000001490116 0.100000001490116 0.100000001490116 0.100000001490116 0.100000001490116 0.100000001490116 0.100000001490116 0.100000001490116 0.100000001490116 0.100000001490116 0.100000001490116 0.100000001490116 0 0 0 0 0 0 0 0 0 0 0 0 0 0 0 0 0 0 0 0 0 0 0 0 0 0
0.593750022351742 0.518750004470348 0.493750000372529 0.418750004842877 0.400000005960464 0.325000010430813 0.300000011920929 0.225000005215406 0.200000002980232 0.131250001955777 0.100000001490116 0.100000001490116 0.100000001490116 0.100000001490116 0.100000001490116 0.100000001490116 0.100000001490116 0.100000001490116 0.100000001490116 0.100000001490116 0.100000001490116 0.100000001490116 0.100000001490116 0.100000001490116 0 0 0 0 0 0 0 0 0 0 0 0 0 0 0 0 0 0 0 0 0 0 0 0 0
0.618750017136335 0.593750022351742 0.518750004470348 0.493750000372529 0.412500005215406 0.387500006705523 0.3062500115484 0.281250010244548 0.200000002980232 0.168750002514571 0.100000001490116 0.100000001490116 0.100000001490116 0.100000001490116 0.100000001490116 0.100000001490116 0.100000001490116 0.100000001490116 0.100000001490116 0.100000001490116 0.100000001490116 0.100000001490116 0.100000001490116 0.100000001490116 0.100000001490116 0 0 0 0 0 0 0 0 0 0 0 0 0 0 0 0 0 0 0 0 0 0 0 0
0.693749990314245 0.618750017136335 0.593750022351742 0.512500002980232 0.481250001117587 0.400000005960464 0.356250008568168 0.300000011920929 0.2312500057742 0.200000002980232 0.106250001583248 0.100000001490116 0.100000001490116 0.100000001490116 0.100000001490116 0.100000001490116 0.100000001490116 0.100000001490116 0.100000001490116 0.100000001490116 0.100000001490116 0.100000001490116 0.100000001490116 0.100000001490116 0.100000001490116 0.100000001490116 0 0 0 0 0 0 0 0 0 0 0 0 0 0 0 0 0 0 0 0 0 0 0
0.737499997019768 0.693749990314245 0.618750017136335 0.58125001937151 0.506250001490116 0.450000002980232 0.400000005960464 0.312500011175871 0.268750009126961 0.200000002980232 0.131250001955777 0.100000001490116 0.100000001490116 0.100000001490116 0.100000001490116 0.100000001490116 0.100000001490116 0.100000001490116 0.100000001490116 0.100000001490116 0.100000001490116 0.100000001490116 0.100000001490116 0.100000001490116 0.100000001490116 0.100000001490116 0.100000001490116 0 0 0 0 0 0 0 0 0 0 0 0 0 0 0 0 0 0 0 0 0 0
0.800000011920929 0.737499997019768 0.693749990314245 0.606250021606684 0.556250013411045 0.5 0.418750004842877 0.362500008195639 0.300000011920929 0.212500004097819 0.150000002235174 0.100000001490116 0.100000001490116 0.100000001490116 0.100000001490116 0.100000001490116 0.100000001490116 0.100000001490116 0.100000001490116 0.100000001490116 0.100000001490116 0.100000001490116 0.100000001490116 0.100000001490116 0.100000001490116 0.100000001490116 0.100000001490116 0 0 0 0 0 0 0 0 0 0 0 0 0 0 0 0 0 0 0 0 0 0
0.862499989569187 0.800000011920929 0.724999994039536 0.681249994784594 0.600000023841858 0.531250007450581 0.475000001490116 0.400000005960464 0.312500011175871 0.243750006891787 0.168750002514571 0.100000001490116 0.100000001490116 0.100000001490116 0.100000001490116 0.100000001490116 0.100000001490116 0.100000001490116 0.100000001490116 0.100000001490116 0.100000001490116 0.100000001490116 0.100000001490116 0.100000001490116 0.100000001490116 0.100000001490116 0.100000001490116 0.100000001490116 0 0 0 0 0 0 0 0 0 0 0 0 0 0 0 0 0 0 0 0 0
0.91874998062849 0.862499989569187 0.793750010430813 0.718749992549419 0.65625000372529 0.593750022351742 0.506250001490116 0.431250004097819 0.362500008195639 0.287500010803342 0.1937500028871 0.106250001583248 0.100000001490116 0.100000001490116 0.100000001490116 0.100000001490116 0.100000001490116 0.100000001490116 0.100000001490116 0.100000001490116 0.100000001490116 0.100000001490116 0.100000001490116 0.100000001490116 0.100000001490116 0.100000001490116 0.100000001490116 0.100000001490116 0 0 0 0 0 0 0 0 0 0 0 0 0 0 0 0 0 0 0 0 0
0.987499997019768 0.906249977648258 0.837499998509884 0.781250007450581 0.706249989569187 0.625000014901161 0.568750016391277 0.487500000745058 0.406250005587935 0.325000010430813 0.243750006891787 0.162500002421439 0.100000001490116 0.100000001490116 0.100000001490116 0.100000001490116 0.100000001490116 0.100000001490116 0.100000001490116 0.100000001490116 0.100000001490116 0.100000001490116 0.100000001490116 0.100000001490116 0.100000001490116 0.100000001490116 0.100000001490116 0.100000001490116 0.100000001490116 0 0 0 0 0 0 0 0 0 0 0 0 0 0 0 0 0 0 0 0
1.0375000089407 0.981249995529652 0.906249977648258 0.825000002980232 0.762500002980232 0.693749990314245 0.606250021606684 0.531250007450581 0.456250002607703 0.381250007078052 0.300000010989606 0.218750004656613 0.168750002514571 0.106250001583248 0.100000001490116 0.100000001490116 0.100000001490116 0.100000001490116 0.100000001490116 0.100000001490116 0.100000001490116 0.100000001490116 0.100000001490116 0.100000001490116 0.100000001490116 0.100000001490116 0.100000001490116 0.100000001490116 0.100000001490116 0.100000001490116 0 0 0 0 0 0 0 0 0 0 0 0 0 0 0 0 0 0 0
1.10625002533197 1.0375000089407 0.968749992549419 0.893749978393316 0.812500007450581 0.737499997019768 0.668749999254942 0.593750022351742 0.506250001490116 0.431250004097819 0.362500008195639 0.293750011362135 0.218750004656613 0.187500002793968 0.118750001769513 0.100000001490116 0.100000001490116 0.100000001490116 0.100000001490116 0.100000001490116 0.100000001490116 0.100000001490116 0.100000001490116 0.100000001490116 0.100000001490116 0.100000001490116 0.100000001490116 0.100000001490116 0.100000001490116 0.100000001490116 0.100000001490116 0 0 0 0 0 0 0 0 0 0 0 0 0 0 0 0 0 0
1.18125004321337 1.10000002384186 1.01875000447035 0.949999988079071 0.881249982863665 0.793750010430813 0.718749992549419 0.643750008195639 0.575000017881393 0.493750000372529 0.418750004842877 0.362500008195639 0.293750011362135 0.218750004656613 0.200000002980232 0.13750000204891 0.100000001490116 0.100000001490116 0.100000001490116 0.100000001490116 0.100000001490116 0.100000001490116 0.100000001490116 0.100000001490116 0.100000001490116 0.100000001490116 0.100000001490116 0.100000001490116 0.100000001490116 0.100000001490116 0.100000001490116 0.100000001490116 0 0 0 0 0 0 0 0 0 0 0 0 0 0 0 0 0
1.23750001192093 1.16250003874302 1.09375002235174 1.00625000149012 0.931249983608723 0.862499989569187 0.781250007450581 0.706249989569187 0.618750017136335 0.556250013411045 0.481250001117587 0.406250005587935 0.343750009313226 0.293750011362135 0.218750004656613 0.200000002980232 0.13750000204891 0.100000001490116 0.100000001490116 0.100000001490116 0.100000001490116 0.100000001490116 0.100000001490116 0.100000001490116 0.100000001490116 0.100000001490116 0.100000001490116 0.100000001490116 0.100000001490116 0.100000001490116 0.100000001490116 0.100000001490116 0 0 0 0 0 0 0 0 0 0 0 0 0 0 0 0 0
1.3062499538064 1.22500002384186 1.1562500372529 1.08125001937151 0.993749998509884 0.91874998062849 0.837499998509884 0.762500002980232 0.687499992549419 0.606250021606684 0.531250007450581 0.475000001490116 0.400000005960464 0.337500009685755 0.293750011362135 0.218750004656613 0.1937500028871 0.118750001769513 0.100000001490116 0.100000001490116 0.100000001490116 0.100000001490116 0.100000001490116 0.100000001490116 0.100000001490116 0.100000001490116 0.100000001490116 0.100000001490116 0.100000001490116 0.100000001490116 0.100000001490116 0.100000001490116 0.100000001490116 0 0 0 0 0 0 0 0 0 0 0 0 0 0 0 0
1.38124997168779 1.29999995976686 1.21875002980232 1.13750003278255 1.06250001490116 0.981249995529652 0.899999979883432 0.818750005215406 0.743749998509884 0.674999997019768 0.593750022351742 0.518750004470348 0.456250002607703 0.393750006332994 0.318750010803342 0.281250010244548 0.206250003539026 0.181250002700835 0.100000001490116 0.100000001490116 0.100000001490116 0.100000001490116 0.100000001490116 0.100000001490116 0.100000001490116 0.100000001490116 0.100000001490116 0.100000001490116 0.100000001490116 0.100000001490116 0.100000001490116 0.100000001490116 0.100000001490116 0 0 0 0 0 0 0 0 0 0 0 0 0 0 0 0
1.43749998509884 1.36249996721745 1.28124997019768 1.20000004023314 1.11875002831221 1.0375000089407 0.962499991059303 0.881249982863665 0.806250009685755 0.718749992549419 0.650000005960464 0.58125001937151 0.506250001490116 0.431250004097819 0.381250007078052 0.300000011920929 0.250000007450581 0.200000002980232 0.13750000204891 0.100000001490116 0.100000001490116 0.100000001490116 0.100000001490116 0.100000001490116 0.100000001490116 0.100000001490116 0.100000001490116 0.100000001490116 0.100000001490116 0.100000001490116 0.100000001490116 0.100000001490116 0 0 0 0 0 0 0 0 0 0 0 0 0 0 0 0 0
1.51875000447035 1.43124998360872 1.34999996423721 1.26874998211861 1.18750004470348 1.10000002384186 1.01875000447035 0.937499985098839 0.862499989569187 0.787500008940697 0.706249989569187 0.618750017136335 0.556250013411045 0.493750000372529 0.406250005587935 0.350000008940697 0.300000011920929 0.212500004097819 0.187500002793968 0.100000001490116 0.100000001490116 0.100000001490116 0.100000001490116 0.100000001490116 0.100000001490116 0.100000001490116 0.100000001490116 0.100000001490116 0.100000001490116 0.100000001490116 0.100000001490116 0 0 0 0 0 0 0 0 0 0 0 0 0 0.100000001490116 0.100000001490116 0.100000001490116 0.100000001490116 0.100000001490116
1.58125001937151 1.5 1.41874998062849 1.33124995976686 1.25 1.16875004023314 1.08125001937151 1 0.91874998062849 0.831250000745058 0.756250001490116 0.687499992549419 0.606250021606684 0.525000005960464 0.456250002607703 0.393750006332994 0.3062500115484 0.256250008009374 0.200000002980232 0.118750001769513 0.100000001490116 0.100000001490116 0.100000001490116 0.100000001490116 0.100000001490116 0.100000001490116 0.100000001490116 0.100000001490116 0.100000001490116 0.100000001490116 0.100000001490116 0.100000001490116 0 0 0 0 0 0 0 0 0 0 0 0.100000001490116 0.100000001490116 0.100000001490116 0.100000001490116 0.100000001490116 0.100000001490116
1.66250003874302 1.57500001788139 1.48124999552965 1.39999997615814 1.31874995678663 1.22500002384186 1.14375003427267 1.06250001490116 0.981249995529652 0.893749978393316 0.806250009685755 0.724999994039536 0.650000005960464 0.575000017881393 0.5 0.412500005215406 0.350000008940697 0.293750011362135 0.200000002980232 0.143750002142042 0.100000001490116 0.100000001490116 0.100000001490116 0.100000001490116 0.100000001490116 0.100000001490116 0.100000001490116 0.100000001490116 0.100000001490116 0.100000001490116 0.100000001490116 0.100000001490116 0 0 0 0 0 0 0 0 0 0 0 0.100000001490116 0.100000001490116 0.100000001490116 0.100000001490116 0.100000001490116 0.100000001490116
1.73125001788139 1.63750003278255 1.55625001341105 1.46874999254942 1.38124997168779 1.29374995827675 1.20625004172325 1.11875002831221 1.03125000745058 0.949999988079071 0.868749987334013 0.787500008940697 0.699999988079071 0.61250001937151 0.537500008940697 0.462500002235174 0.393750006332994 0.300000011920929 0.2312500057742 0.168750002514571 0.100000001490116 0.100000001490116 0.100000001490116 0.100000001490116 0.100000001490116 0.100000001490116 0.100000001490116 0.100000001490116 0.100000001490116 0.100000001490116 0.100000001490116 0.100000001490116 0.100000001490116 0.100000001490116 0.100000001490116 0 0 0 0 0 0 0.100000001490116 0.100000001490116 0.100000001490116 0.100000001490116 0.100000001490116 0.100000001490116 0.100000001490116 0.100000001490116
