analyses/habitats/outputs/crm-bathy-resolutions/crm 90x75 12s 324m.asc
NCOLS 75 
NROWS 90 
XLLCORNER -83.25042 
YLLCORNER 29.09958 
CELLSIZE 0.00333333333333333 
NODATA_value 0 
[rows 66 to 87 of 90, columns 0 to 48 of 75]
4.79374998807907 4.76874998211861 4.99999997019768 5.02500006556511 4.56874997913837 4.20624998211861 4.19374991953373 4.66250005364418 4.70624998211861 4.41875004768372 4.33750015497208 4.37500011920929 4.37500011920929 4.35625013709068 4.33125016093254 4.26250004768372 4.21249985694885 4.17499983310699 4.14999985694885 4.14999985694885 4.14999985694885 4.14374986290932 4.1062498986721 4.05624994635582 3.99375000596046 3.92500004172325 3.81250001490116 3.69374999403954 3.53749997913837 3.39375004172325 3.22499999403954 3.06249995529652 2.89375004172325 2.71875 2.54999996721745 2.38125003874302 2.21250000596046 2.03749995678663 1.86874996870756 1.70000002533197 1.53125000745058 1.35624996572733 1.20000002533197 1.0375000089407 0.862499989569187 0.71874999627471 0.562500014901161 0.431250004097819 0.312500011175871
5.10624998807907 4.98749998211861 4.71875005960464 4.51250000298023 4.68124997615814 4.66249999403954 4.24374997615814 4.31249998509884 4.29999998211861 4.48750001192093 4.56874999403954 4.5874999165535 4.54999995231628 4.53124997019768 4.46875002980232 4.38125011324883 4.30000016093254 4.25625002384186 4.26250004768372 4.27500009536743 4.30000007152557 4.30000007152557 4.28125005960464 4.23749998211861 4.18124988675117 4.11249989271164 4.01249998807907 3.87500002980232 3.71874998509884 3.53749997913837 3.35625003278255 3.18749998509884 3.00624999403954 2.82500001788139 2.64999997615814 2.47500002384186 2.30000001192093 2.12499997019768 1.94999998807907 1.76874998956919 1.59375002235174 1.41874998062849 1.24375000596046 1.07500001788139 0.912499986588955 0.75 0.606250014156103 0.456250002607703 0.337500009685755
5.46250003576279 5.2312498986721 5.17499998211861 4.81249997019768 4.58749997615814 4.43750002980232 4.28124997019768 4.45000001788139 4.76874995231628 4.90000000596046 4.84375 4.80624997615814 4.73749995231628 4.73124998807907 4.64999988675117 4.49375000596046 4.34375014901161 4.30000019073486 4.33750015497208 4.43125006556511 4.46875002980232 4.5 4.45625004172325 4.42500007152557 4.37500011920929 4.3312501013279 4.25 4.07499992847443 3.87500002980232 3.68749998509884 3.49375000596046 3.30000001192093 3.11874996125698 2.93125005066395 2.75 2.56874994933605 2.38750004768372 2.20624999701977 2.02499996125698 1.83749996870756 1.6562500372529 1.47499999403954 1.29374998062849 1.13125003129244 0.949999988079071 0.787500001490116 0.637500010430813 0.475000001490116 0.350000008940697
5.48750001192093 5.12499997019768 4.84375005960464 5.08125004172325 4.93124997615814 4.79999998211861 5.14374998211861 5.09999996423721 5.36250001192093 5.19375002384186 4.96875002980232 4.96875002980232 5 4.96875002980232 4.88750007748604 4.61874994635582 4.33750009536743 4.26875007152557 4.43125006556511 4.60624992847443 4.61874994635582 4.74374994635582 4.63749986886978 4.6187499165535 4.54999995231628 4.54374995827675 4.59374997019768 4.22499990463257 4.05624994635582 3.82500001788139 3.61249996721745 3.41250003874302 3.22499999403954 3.03124997019768 2.85000002384186 2.65624997019768 2.47500002384186 2.28125 2.09374995529652 1.91249997913837 1.7250000089407 1.53125000745058 1.34999996423721 1.16250003129244 0.993749998509884 0.824999999254942 0.650000005960464 0.512500006705523 0.350000008940697
5.54999995231628 5.43750002980232 5.52499997615814 5.42500001192093 5.29374998807907 5.12500002980232 4.82499998807907 4.99374997615814 4.89375004172325 5.11875000596046 5.33750000596046 5.17499995231628 5.02499997615814 4.97500002384186 4.93750005960464 4.75 4.52499997615814 4.48125001788139 4.69375005364418 4.79375010728836 4.76875007152557 4.78125005960464 4.79375007748604 4.80625009536743 4.7124999165535 4.49375000596046 4.69374993443489 4.37500002980232 4.14374986290932 3.92500004172325 3.7124999910593 3.52499997615814 3.32500001788139 3.13124996423721 2.95000003278255 2.75 2.56249995529652 2.37500002980232 2.17499998211861 1.97499997913837 1.7749999910593 1.58750002086163 1.39374997466803 1.20625001937151 1.03125000745058 0.849999994039536 0.681249998509884 0.525000005960464 0.362500008195639
5.74999997019768 5.41249999403954 5.47499996423721 5.51249998807907 5.29375004768372 4.88125002384186 4.89999997615814 5.29999998211861 5.50624999403954 5.44374993443489 5.29374998807907 5.22499996423721 5.16874998807907 4.98750001192093 5.04999998211861 4.92500007152557 4.83125007152557 4.76875001192093 5.1187499165535 4.91874998807907 4.83750009536743 4.71249988675117 4.82500007748604 4.86875012516975 4.74374997615814 4.51249998807907 4.52499997615814 4.38750010728836 4.18749991059303 3.98750001192093 3.79375000298023 3.59999996423721 3.42500004172325 3.22499999403954 3.04374995827675 2.85000002384186 2.64999997615814 2.45000003278255 2.25 2.04374996572733 1.83749996870756 1.63750003278255 1.44374998658895 1.25 1.05000001192093 0.862499989569187 0.700000002980232 0.543750010430813 0.375000007450581
6.02500003576279 5.82499995827675 5.21249994635582 5.34999999403954 5.29999998211861 5.32500007748604 5.4937499165535 5.38750004768372 5.30625000596046 5.53125 5.34999999403954 5.24375000596046 5.36874997615814 5.33125001192093 5.16249999403954 5.06249994039536 4.97500002384186 4.90000009536743 5.06249994039536 4.95625004172325 4.85000014305115 4.81250017881393 4.80000019073486 4.80000019073486 4.72499990463257 4.58124992251396 4.48125001788139 4.35000014305115 4.2124999165535 4.04374995827675 3.86875003576279 3.6875 3.51249998807907 3.32500001788139 3.14374998211861 2.95000003278255 2.75 2.53124997019768 2.32500001788139 2.11874997615814 1.90624997764826 1.68750002235174 1.48749999701977 1.2749999910593 1.08125001937151 0.899999991059303 0.700000002980232 0.550000011920929 0.375000007450581
5.88124993443489 5.59375 5.30000004172325 5.56875002384186 5.61250001192093 5.625 5.63750004768372 5.64375004172325 6.06874999403954 5.85624995827675 5.34374994039536 5.58125001192093 5.34999999403954 5.37500005960464 5.28124997019768 5.20000004768372 5.07499998807907 4.92500007152557 5 4.98750001192093 4.90625008940697 4.90000009536743 4.88125011324883 4.8062501847744 4.73749995231628 4.63124987483025 4.51249998807907 4.38750010728836 4.25625002384186 4.1062498986721 3.95000004768372 3.77500000596046 3.60624995827675 3.42500004172325 3.25 3.04999996721745 2.83750002086163 2.62499997019768 2.41250003874302 2.18124997615814 1.96874997764826 1.73750000447035 1.51250000298023 1.29999998211861 1.10000002384186 0.899999991059303 0.700000002980232 0.550000011920929 0.375000007450581
6.34374997019768 6.48749998211861 6.20624998211861 5.55625000596046 5.56250005960464 5.76875001192093 5.84374997019768 5.92499998211861 5.69374996423721 5.57499992847443 5.55625000596046 5.71250000596046 5.11875000596046 5.16875001788139 5.16874998807907 5.07499998807907 4.9375 5.13124996423721 5.04999995231628 5 4.98750001192093 4.93750005960464 4.90000009536743 4.85000014305115 4.77500009536743 4.67499983310699 4.56249994039536 4.43750005960464 4.31875014305115 4.16874986886978 4.03124997019768 3.86875003576279 3.70624999701977 3.53749996423721 3.35000002384186 3.14999997615814 2.94375002384186 2.71874998509884 2.49375000596046 2.26250000298023 2.01874995976686 1.78749999403954 1.55625001341105 1.31249998509884 1.10000002384186 0.899999991059303 0.700000002980232 0.543750010430813 0.375000007450581
6.21875002980232 5.87500005960464 5.83125004172325 5.89375004172325 6.09999999403954 5.92500004172325 5.88749995827675 5.78749999403954 5.875 5.79375001788139 5.66874998807907 5.54375004768372 5.71250006556511 5.19375002384186 5.24375003576279 5.30000004172325 5.27499997615814 5.20000004768372 5.13749992847443 5.04374995827675 5.04999995231628 5.01249998807907 4.97500002384186 4.90625008940697 4.82500016689301 4.72499990463257 4.62499988079071 4.50624999403954 4.38125011324883 4.25 4.1062498986721 3.96250003576279 3.80625000596046 3.64999997615814 3.45625002682209 3.26250000298023 3.04374997317791 2.81875002384186 2.58124996721745 2.33125002682209 2.08124996721745 1.81874998658895 1.58750002086163 1.32499998807907 1.10000002384186 0.893749993294477 0.693750001490116 0.512500006705523 0.356250008568168
6.17500004172325 6.11250001192093 6.54374995827675 6.20000001788139 6.15625 6.00625002384186 6.37499997019768 6.15000003576279 6.33749997615814 6.15000000596046 5.83749994635582 5.40625002980232 5.67499995231628 5.26249998807907 5.51249995827675 5.43749994039536 5.24374994635582 5.09999996423721 4.98124998807907 5.28749996423721 5.22499993443489 5.11874988675117 5.04374995827675 4.98125001788139 4.90000009536743 4.79375013709068 4.69374984502792 4.58124992251396 4.45000004768372 4.31875014305115 4.19374987483025 4.06249994039536 3.92500005662441 3.76874999701977 3.58749996125698 3.39375002682209 3.15624997019768 2.91875001788139 2.66249997913837 2.40000002086163 2.13124997913837 1.87499997019768 1.60000002384186 1.32499998807907 1.10000002384186 0.856249995529652 0.643750008195639 0.462500002235174 0.325000010430813
5.99375006556511 6.13749995827675 5.91874998807907 5.77500000596046 6.20625004172325 6.70000007748604 6.62500002980232 6.16875001788139 6.08124998211861 6.29374998807907 6.11875000596046 5.49375006556511 5.3125 5.23124995827675 5.15625 5.21875 4.99374997615814 5.46875002980232 5.72499999403954 5.63749992847443 5.35625010728836 5.1937498152256 5.13749986886978 5.07499992847443 4.98125001788139 4.86250013113022 4.76250004768372 4.66249984502792 4.53749996423721 4.40000009536743 4.26875007152557 4.16249984502792 4.03124997019768 3.90000005066395 3.73125000298023 3.53124998509884 3.28125001490116 3.0249999910593 2.75624999403954 2.48125000298023 2.19999997317791 1.90624997764826 1.62500002980232 1.32499998807907 1.06875001639128 0.806249994784594 0.581250008195639 0.387500006705523 0.256250008009374
6.73125004768372 6.66875001788139 6.56874993443489 6.42500004172325 6.53750002384186 6.67500001192093 6.57500004768372 6.73749998211861 6.41875007748604 6.46875 5.73749995231628 5.31875002384186 5.58125004172325 5.53124997019768 5.36875000596046 5.46875 5.61249998211861 5.71250000596046 5.43750002980232 5.17499995231628 5.18749997019768 5.21249997615814 5.25 5.22499996423721 5.08124992251396 4.92500007152557 4.85000014305115 4.76875004172325 4.61874988675117 4.45000004768372 4.33125016093254 4.26875007152557 4.18749988079071 4.06249994039536 3.91250003874302 3.69999998807907 3.4375 3.14374998211861 2.84375002980232 2.54999999701977 2.25 1.94374996423721 1.64375001192093 1.32499998807907 1.03125000745058 0.737500000745058 0.475000007078052 0.27500000782311 0.156250002328306
6.59999996423721 6.47499999403954 6.43125003576279 6.45000001788139 6.45624998211861 6.72500002384186 6.75624993443489 6.49374997615814 6.14999994635582 6.19374999403954 5.78749999403954 6.13124996423721 5.73749998211861 5.43125000596046 5.39374998211861 5.74999997019768 5.55624997615814 5.50000002980232 5.76875001192093 5.28124997019768 5.31874999403954 5.30625000596046 5.44374999403954 5.48125001788139 5.24375000596046 4.81250002980232 4.93750002980232 4.93125006556511 4.78125 4.38125005364418 4.38125011324883 4.37500011920929 4.35625013709068 4.23749995231628 4.13124987483025 3.93125000596046 3.58124998211861 3.25624999403954 2.93750001490116 2.63124997913837 2.31250002980232 1.98749996721745 1.65000000596046 1.34999999403954 0.974999997764826 0.650000005960464 0.343750006519258 0.143750002607703 0.100000001490116
6.84375002980232 7.14374998211861 7.11874994635582 6.63125005364418 7.09999999403954 6.91874995827675 6.85624992847443 6.33124995231628 6.37500002980232 6.28125 5.96249994635582 5.84375 5.73750004172325 5.61874994635582 5.77499994635582 5.86250001192093 5.61875003576279 6.15000000596046 6.01249998807907 5.51250004768372 5.63124996423721 5.62499997019768 5.73124995827675 5.6062498986721 5.31250002980232 4.74375000596046 4.96875002980232 4.98750001192093 4.84999999403954 4.33750003576279 4.47500002384186 4.42500007152557 4.44375005364418 4.29375001788139 4.25625002384186 4.05624997615814 3.66874997317791 3.34375002980232 3.03125 2.68749997019768 2.36875002086163 2.04374997317791 1.6937500089407 1.34999999403954 0.950000002980232 0.550000004470348 0.181250004097819 0.100000001490116 0.100000001490116
6.78125005960464 6.87499994039536 6.96249994635582 6.86250004172325 7.26250001788139 7.25000008940697 7.28750002384186 6.64375004172325 6.62500002980232 6.32499998807907 5.83750000596046 5.77500006556511 6.19375002384186 5.97500002384186 5.84999996423721 6.15625005960464 5.90624994039536 5.57499995827675 5.51875001192093 5.69374996423721 5.76249998807907 5.65624997019768 5.59999993443489 5.43125006556511 5.26249998807907 4.9125000834465 4.8000001013279 4.88750010728836 4.76874998211861 4.45625004172325 4.68749991059303 4.35624998807907 4.38125011324883 4.34375011920929 4.18749982118607 4.00624999403954 3.72499996423721 3.40625001490116 3.0874999910593 2.7562500089407 2.4375 2.08749998360872 1.75 1.34999999403954 0.950000002980232 0.550000004470348 0.175000004470348 0.100000001490116 0.100000001490116
6.57499992847443 6.40000000596046 6.33125001192093 6.25 6.36875000596046 6.92499998211861 6.92500001192093 6.41250002384186 6.70625007152557 6.37500008940697 6.37499991059303 5.76249995827675 6.24999997019768 6.41875001788139 6.19375002384186 6.04375004768372 5.81875002384186 5.74999997019768 5.875 5.76874995231628 6.10624998807907 5.7437499165535 5.70000001788139 5.63124993443489 5.28749999403954 4.76249998807907 4.76875007152557 4.85000014305115 4.8187500834465 4.63749986886978 4.61249989271164 4.51249998807907 4.4125000834465 4.33750015497208 4.19999992847443 4 3.7562500089407 3.46250000596046 3.14999997615814 2.83125002682209 2.51250000298023 2.16249997913837 1.81249999254942 1.44999998807907 1.05000001192093 0.650000005960464 0.275000005960464 0.100000001490116 0.100000001490116
6.72499999403954 6.45624998211861 6.43750005960464 6.40000006556511 6.92499998211861 6.96875 6.82500001788139 6.85000002384186 6.55000001192093 6.33750003576279 5.98124998807907 6.28125005960464 6.08749994635582 6.22500002384186 6.38749998807907 6.58125007152557 6.16874998807907 5.98124998807907 5.53749999403954 5.59374997019768 5.63749995827675 5.58124998211861 5.68749997019768 5.39375004172325 5.11875000596046 4.84375 4.93125006556511 4.80000019073486 4.80000019073486 4.75625002384186 4.68749982118607 4.59374991059303 4.49375000596046 4.38125011324883 4.23124995827675 4.03124997019768 3.80000002682209 3.5249999910593 3.22499997913837 2.9125000089407 2.5874999910593 2.25 1.89999997615814 1.52500000596046 1.13750001043081 0.725000001490116 0.300000004004687 0.100000001490116 0.100000001490116
7.56249997019768 7.45000001788139 7.53749996423721 7.19375005364418 7.22499996423721 6.89375001192093 6.34375 6.63125005364418 6.23749992251396 6.41874998807907 6.22499996423721 6.44375002384186 6.54999998211861 6.19999998807907 6.15625002980232 6.51250001788139 6.28750005364418 5.85625001788139 5.03125 5.37500002980232 5.62499994039536 5.66874995827675 5.5625 5.43125003576279 5.14375004172325 5 4.69374999403954 4.73125001788139 4.86250013113022 4.83125016093254 4.76875007152557 4.68749985098839 4.5874999165535 4.45625004172325 4.30000007152557 4.09999990463257 3.86250002682209 3.59999997913837 3.31250002980232 3.00624999403954 2.68124997615814 2.35625003278255 2.01249997317791 1.6625000089407 1.28749999403954 0.899999998509884 0.506250006146729 0.2312500057742 0.162500003352761
6.08750003576279 6.63750001788139 6.44374996423721 6.63125005364418 7.11250001192093 7.26250001788139 6.80625000596046 6.08125001192093 6.33749994635582 6.28125 5.97499996423721 6.20625001192093 6.61250001192093 6.55625000596046 6.31250002980232 6.13750001788139 6.16874998807907 5.72499999403954 5.55000001192093 5.64375001192093 5.59374997019768 5.47500002384186 5.53749999403954 5.40625002980232 5.01875001192093 5.06874993443489 4.70625001192093 4.91250002384186 5.01874998211861 4.91875007748604 4.85625013709068 4.78750011324883 4.69374987483025 4.56874993443489 4.40000009536743 4.19374993443489 3.95000001788139 3.68749997019768 3.4125000089407 3.10624998807907 2.79375001788139 2.46875 2.13124997913837 1.79374999552965 1.44374999403954 1.11250001192093 0.78125 0.543750004842877 0.381250007078052
7.22500002384186 6.89374995231628 6.60625001788139 6.73749995231628 6.80624997615814 7.10624995827675 6.92500001192093 6.73125001788139 6.23124995827675 6.48749995231628 6.49375000596046 6.46875 6.38749998807907 6.33749997615814 6.13749995827675 5.95624995231628 6.5625 6.20624998211861 6.04375001788139 6.03125 5.86250007152557 5.66250002384186 5.82500001788139 5.67499998211861 5.37500002980232 5.30625003576279 4.93125006556511 5.07499998807907 5.05624994635582 5 4.95625004172325 4.9125000834465 4.83125013113022 4.6999998986721 4.53124997019768 4.30625006556511 4.06249994039536 3.79375003278255 3.51250000298023 3.21249997615814 2.90625001490116 2.59999999403954 2.27500000596046 1.96249996125698 1.62500001490116 1.31874999403954 1.02500000968575 0.774999998509884 0.581250008195639
7.08749997615814 6.95000001788139 6.90624997019768 6.69999998807907 6.92500004172325 6.8500000834465 6.73749995231628 6.19374999403954 6.49374997615814 6.63124999403954 6.48124998807907 7.07499995827675 6.46250003576279 6.62500002980232 6.68125000596046 6.86875000596046 6.51875001192093 5.98750004172325 6.17500001192093 6.22499996423721 5.91249999403954 5.90625 5.68749991059303 5.59374997019768 5.66249996423721 5.31874999403954 5.03124997019768 5.20624998211861 5.15624991059303 5.00000002980232 5.06249994039536 5.09374991059303 5.01874998211861 4.87500008940697 4.67499992251396 4.45000004768372 4.18124994635582 3.91875001788139 3.63749997317791 3.33750002086163 3.03749999403954 2.73124998807907 2.41875001788139 2.11249997466803 1.8062499910593 1.5 1.23750000447035 0.974999997764826 0.762499999254942
