analyses/habitats/outputs/crm-bathy-resolutions/crm 90x75 12s 324m.asc
NCOLS 75 
NROWS 90 
XLLCORNER -83.25042 
YLLCORNER 29.09958 
CELLSIZE 0.00333333333333333 
NODATA_value 0 
[rows 44 to 65 of 90, columns 0 to 48 of 75]
3.41875007748604 3.30624997615814 3.20000003278255 3.09999991953373 3.00624999403954 2.90625007450581 2.80624997615814 2.71875002980232 2.61874993145466 2.51874998211861 2.42500007152557 2.33750000596046 2.23750001192093 2.13749995827675 2.03749996423721 1.93749998509884 1.84999996423721 1.76249998807907 1.66250003874302 1.56875001639128 1.48124999552965 1.39999997615814 1.31874996423721 1.24375000596046 1.16875004023314 1.10625002533197 1.05000001192093 0.993749998509884 0.937499985098839 0.88749998062849 0.831250000745058 0.787500008940697 0.724999994039536 0.687499992549419 0.625000014901161 0.58125001937151 0.518750004470348 0.487500000745058 0.418750004842877 0.393750006332994 0.318750010803342 0.300000011920929 0.237500006332994 0.200000002980232 0.200000002980232 0.125000001862645 0.100000001490116 0.100000001490116 0.100000001490116
3.46250003576279 3.35625003278255 3.26249998807907 3.16249999403954 3.06874993443489 2.97500002384186 2.88125006854534 2.78124997019768 2.70000003278255 2.59999991953373 2.51249998807907 2.41250006854534 2.31874997913837 2.23750001192093 2.13749995827675 2.03749996423721 1.95624998956919 1.86249996721745 1.76874998211861 1.6875000372529 1.60000002384186 1.51250000298023 1.44374998658895 1.35624996572733 1.29374996572733 1.22500002384186 1.16250003874302 1.10000002384186 1.04375001043081 0.987499997019768 0.924999982118607 0.874999985098839 0.812500007450581 0.762500002980232 0.706249989569187 0.650000005960464 0.593750022351742 0.537500008940697 0.493750000372529 0.425000004470348 0.393750006332994 0.318750010803342 0.300000011920929 0.237500006332994 0.200000002980232 0.1937500028871 0.106250001583248 0.100000001490116 0.100000001490116
3.49375000596046 3.39375008642673 3.30624996125698 3.21250003576279 3.12499994039536 3.03749996423721 2.95000004768372 2.86250004172325 2.76874998211861 2.68125002086163 2.58749993145466 2.5 2.41250006854534 2.31874997913837 2.23750001192093 2.13749995827675 2.06249994039536 1.9624999910593 1.88749997317791 1.79374996572733 1.71250002831221 1.63125003129244 1.55000001192093 1.47499999403954 1.40624997764826 1.33749996125698 1.26874998211861 1.20625003427267 1.14375003427267 1.08125001937151 1.01875000447035 0.962499991059303 0.899999979883432 0.837499998509884 0.787500008940697 0.718749992549419 0.668749999254942 0.606250021606684 0.537500008940697 0.5 0.418750004842877 0.393750006332994 0.318750010803342 0.300000011920929 0.218750004656613 0.200000002980232 0.150000002235174 0.100000001490116 0.100000001490116
3.52499997615814 3.43750005960464 3.35000002384186 3.27499997615814 3.18750002980232 3.09999991953373 3.01874998211861 2.93125006556511 2.84375001490116 2.76249998807907 2.68125002086163 2.58749993145466 2.5 2.41250006854534 2.33750000596046 2.23750001192093 2.16249999403954 2.06874993443489 1.98749998956919 1.91249997913837 1.82499995827675 1.75 1.66875004023314 1.59375002235174 1.52500000596046 1.44999998807907 1.37499997019768 1.3124999627471 1.25 1.18125004321337 1.11875002831221 1.05000001192093 0.987499997019768 0.91874998062849 0.862499989569187 0.793750010430813 0.718749992549419 0.681249994784594 0.606250021606684 0.537500008940697 0.493750000372529 0.418750004842877 0.381250007078052 0.300000011920929 0.275000009685755 0.200000002980232 0.187500002793968 0.100000001490116 0.100000001490116
3.55624994635582 3.48750001192093 3.40000009536743 3.31874997913837 3.24375000596046 3.16875000298023 3.08124992251396 3 2.91875007748604 2.83750000596046 2.76249998807907 2.68125002086163 2.59374992549419 2.51249998807907 2.42500007152557 2.34375001490116 2.26249998807907 2.17500001192093 2.09374992549419 2.01249998062849 1.93749998509884 1.85624996572733 1.78124997764826 1.70625003427267 1.63125003129244 1.55625001341105 1.48749999701977 1.41874998062849 1.34999996423721 1.28124997019768 1.21250003576279 1.13750003278255 1.07500001788139 1 0.937499985098839 0.874999985098839 0.806250009685755 0.724999994039536 0.674999997019768 0.600000023841858 0.525000005960464 0.481250001117587 0.400000005960464 0.350000008940697 0.300000011920929 0.218750004656613 0.200000002980232 0.106250001583248 0.100000001490116
3.59374991059303 3.50624999403954 3.45000004768372 3.38125006854534 3.30624996125698 3.22500002384186 3.16249999403954 3.08124992251396 3 2.91875007748604 2.83750000596046 2.76249998807907 2.68125002086163 2.59999991953373 2.52499997615814 2.44375005364418 2.36250004172325 2.28749997913837 2.20625002682209 2.12499994039536 2.04999995231628 1.96874999254942 1.89374997466803 1.81874996423721 1.74375000596046 1.66875004023314 1.59375002235174 1.52500000596046 1.44999998807907 1.37499997019768 1.30624996125698 1.23125001788139 1.16250003874302 1.08750002086163 1.01875000447035 0.937499985098839 0.881249982863665 0.793750010430813 0.718749992549419 0.65625000372529 0.593750022351742 0.506250001490116 0.443750003352761 0.393750006332994 0.300000011920929 0.250000007450581 0.200000002980232 0.125000001862645 0.100000001490116
3.59999990463257 3.58124992251396 3.50624999403954 3.43750005960464 3.38125006854534 3.29999996721745 3.21875002980232 3.16249999403954 3.08124992251396 3 2.92500007152557 2.85625003278255 2.78124997019768 2.70000003278255 2.61874993145466 2.54374995827675 2.46875002980232 2.38750006258488 2.31249998509884 2.23750001192093 2.15624998509884 2.08124993741512 2.00624998658895 1.93124998360872 1.84999996423721 1.77499997615814 1.70625003427267 1.63125003129244 1.55000001192093 1.47499999403954 1.39999997615814 1.31874995678663 1.24375000596046 1.17500004172325 1.10000002384186 1.01875000447035 0.937499985098839 0.862499989569187 0.787500008940697 0.706249989569187 0.625000014901161 0.556250013411045 0.493750000372529 0.400000005960464 0.331250010058284 0.275000009685755 0.200000002980232 0.125000001862645 0.100000001490116
3.68125002086163 3.61874993145466 3.58124992251396 3.50624999403954 3.43750005960464 3.38125006854534 3.29999996721745 3.22500002384186 3.16249999403954 3.08124992251396 3.01874998211861 2.93750005960464 2.86875005066395 2.79374997317791 2.71875002980232 2.64374996721745 2.56874993443489 2.49375000596046 2.42500007152557 2.34375001490116 2.26874998211861 2.19375002384186 2.11249993741512 2.04374995827675 1.9624999910593 1.88749997317791 1.8124999627471 1.73125001788139 1.6562500372529 1.57500001788139 1.5 1.41874998062849 1.33749996125698 1.26249998807907 1.18125004321337 1.10000002384186 1.00625000149012 0.91874998062849 0.84374999627471 0.768750004470348 0.687499992549419 0.600000023841858 0.512500002980232 0.43750000372529 0.362500008195639 0.293750011362135 0.200000002980232 0.125000001862645 0.100000001490116
3.76249998807907 3.70625004172325 3.64374996721745 3.58124992251396 3.51249998807907 3.44375005364418 3.38125006854534 3.31249997019768 3.23750001192093 3.17500001192093 3.09999991953373 3.03124997019768 2.96250003576279 2.89375007152557 2.81874997913837 2.75 2.67500001192093 2.60624992847443 2.53124997019768 2.45000004768372 2.37500005960464 2.30624997615814 2.23125001788139 2.14999997615814 2.07499992847443 1.9937499910593 1.91874998062849 1.83749996125698 1.75624999403954 1.67500004172325 1.59375002235174 1.51250000298023 1.41874998062849 1.33749996125698 1.26249998807907 1.16250003874302 1.08125001937151 1 0.899999979883432 0.812500007450581 0.724999994039536 0.637500010430813 0.556250013411045 0.468750001862645 0.387500006705523 0.300000011920929 0.200000002980232 0.125000001862645 0.100000001490116
3.88125005364418 3.80624997615814 3.73125001788139 3.66249999403954 3.59999991953373 3.52499997615814 3.46250003576279 3.40000008046627 3.32499998807907 3.26249998807907 3.20000003278255 3.12499994039536 3.05624994635582 2.99375000596046 2.91875007748604 2.85000002384186 2.77499997615814 2.70625002682209 2.64374996721745 2.56874993443489 2.48750001192093 2.41875006258488 2.34375001490116 2.26874998211861 2.18750001490116 2.11249993741512 2.03124997019768 1.94999998807907 1.86249996721745 1.78124997019768 1.6875000372529 1.60625002533197 1.51250000298023 1.41874998062849 1.33749996125698 1.23750001192093 1.15000003576279 1.05625001341105 0.968749992549419 0.874999985098839 0.781250007450581 0.687499992549419 0.593750022351742 0.5 0.406250005587935 0.312500011175871 0.218750004656613 0.125000001862645 0.100000001490116
4.03124997019768 3.91250006854534 3.81874997913837 3.75 3.68125002086163 3.61874993145466 3.54999995231628 3.48125001788139 3.41875007748604 3.35000002384186 3.28749996423721 3.21875002980232 3.15624998509884 3.09374992549419 3.02499997615814 2.95000004768372 2.88750006258488 2.81249998509884 2.75 2.67500001192093 2.60624992847443 2.53124997019768 2.45625004172325 2.38125005364418 2.29999998211861 2.21875001490116 2.14374996721745 2.05624994635582 1.96874999254942 1.88749997317791 1.78749997168779 1.70000004023314 1.61250002682209 1.51250000298023 1.41874998062849 1.31874995678663 1.22500002384186 1.12500002980232 1.02500000596046 0.924999982118607 0.825000002980232 0.731249995529652 0.637500010430813 0.537500008940697 0.431250004097819 0.331250010058284 0.225000005215406 0.125000001862645 0.100000001490116
4.14999988675117 4.00624999403954 3.91875007748604 3.85000002384186 3.78124997019768 3.71875002980232 3.64999997615814 3.58124992251396 3.51874998211861 3.45000004768372 3.38125006854534 3.31874997913837 3.25 3.19375002384186 3.12499994039536 3.05624994635582 2.99375000596046 2.92500007152557 2.85625003278255 2.78749997913837 2.71875001490116 2.64999997615814 2.56874993443489 2.5 2.41875006258488 2.34375001490116 2.25624999403954 2.16249999403954 2.08124993741512 1.98749998956919 1.88749997317791 1.79999995976686 1.71250002831221 1.60625002533197 1.50625000149012 1.39999997615814 1.29999995976686 1.19375003874302 1.09375002235174 0.987499997019768 0.881249982863665 0.775000005960464 0.668749999254942 0.568750016391277 0.462500002235174 0.356250008568168 0.250000007450581 0.143750002142042 0.100000001490116
4.25 4.03124997019768 4.01249998807907 3.95000004768372 3.88750006258488 3.82499998807907 3.75 3.68125002086163 3.61874993145466 3.54999995231628 3.48125001788139 3.41875007748604 3.35000002384186 3.29374997317791 3.22500002384186 3.16249999403954 3.10624992847443 3.03749996423721 2.96875002980232 2.90625007450581 2.83750000596046 2.76249998807907 2.68750001490116 2.61874994635582 2.54374995827675 2.45625004172325 2.36875005066395 2.28749997913837 2.18750001490116 2.09374994039536 1.99999997764826 1.89999997615814 1.78749997168779 1.6875000372529 1.58750002086163 1.48749999701977 1.37499997019768 1.26249998807907 1.15000003576279 1.05000001192093 0.937499985098839 0.825000002980232 0.718749992549419 0.61250001937151 0.487500000745058 0.381250007078052 0.275000009685755 0.168750002514571 0.100000001490116
4.09374998509884 4.06874994933605 4.16874992847443 4.09999990463257 4.01249998807907 3.93125006556511 3.85625003278255 3.79374997317791 3.72500002384186 3.64999997615814 3.58124992251396 3.51874998211861 3.45000004768372 3.39375007152557 3.33124999701977 3.27499997615814 3.20625002682209 3.14999997615814 3.08749993145466 3.02499997615814 2.95000004768372 2.88125005364418 2.81874999403954 2.74375000596046 2.65624998509884 2.58124993741512 2.48750001192093 2.40625005960464 2.31249998509884 2.21250002086163 2.11249993741512 2.01249998062849 1.88749997317791 1.78749997168779 1.68125003576279 1.56250001490116 1.44999998807907 1.33749996125698 1.22500002384186 1.10625002533197 0.993749998509884 0.868749987334013 0.756250001490116 0.643750008195639 0.531250007450581 0.418750004842877 0.3062500115484 0.1937500028871 0.100000001490116
4.80625000596046 4.78749999403954 4.51250004768372 4.24999997019768 4.1062498986721 4.04374995827675 3.97500002384186 3.90625007450581 3.83124999701977 3.75624999403954 3.68125002086163 3.61874993145466 3.55624994635582 3.5 3.43750005960464 3.37500005960464 3.32499998807907 3.26249998807907 3.20625002682209 3.13749995827675 3.07499992847443 3.00624999403954 2.93750005960464 2.86250004172325 2.78124998509884 2.70625001192093 2.61874994635582 2.51874998211861 2.42500005662441 2.32500000298023 2.21250002086163 2.11249993741512 1.99999997764826 1.88749997317791 1.76249998807907 1.65000003576279 1.53125000745058 1.41249997913837 1.28749997168779 1.16250003874302 1.05000001192093 0.931249983608723 0.806250005960464 0.681249994784594 0.562500014901161 0.443750003352761 0.337500009685755 0.225000005215406 0.131250001955777
4.43125003576279 4.40625 4.78750005364418 4.28124991059303 4.18749982118607 4.14374986290932 4.09999990463257 4.03124997019768 3.94375005364418 3.86250004172325 3.78749997913837 3.71875002980232 3.65624998509884 3.59999991953373 3.54999995231628 3.48750001192093 3.43750005960464 3.37500005960464 3.32499998807907 3.26249998807907 3.20000001788139 3.13749995827675 3.06249994039536 2.99375000596046 2.91875006258488 2.83124999701977 2.74375000596046 2.64999997615814 2.54999995231628 2.43750005960464 2.33125001192093 2.21250002086163 2.09999994933605 1.98124998807907 1.85624996572733 1.73750001192093 1.61250002682209 1.48124999552965 1.34999996423721 1.23750001192093 1.10000002384186 0.968749992549419 0.84374999627471 0.731249995529652 0.593750018626451 0.475000001490116 0.356250008568168 0.250000007450581 0.150000002235174
4.56249994039536 4.4375 4.39999997615814 4.41875001788139 4.21874991059303 4.25 4.23124992847443 4.14999985694885 4.06249994039536 3.96250003576279 3.88125006854534 3.81874997913837 3.75624999403954 3.70000003278255 3.64999997615814 3.59999991953373 3.54999995231628 3.49375000596046 3.43750005960464 3.38125005364418 3.33124999701977 3.26249998807907 3.20000001788139 3.13124996423721 3.04999995231628 2.96875002980232 2.87500004470348 2.7749999910593 2.67499999701977 2.56874994933605 2.43750005960464 2.33125001192093 2.20625001192093 2.08124993741512 1.94999998807907 1.82499996572733 1.69375003129244 1.55625001341105 1.43124998360872 1.29999996721745 1.16250003874302 1.0375000089407 0.899999983608723 0.762500002980232 0.637500010430813 0.506250003352761 0.375000007450581 0.268750009126961 0.175000002607703
4.63124990463257 4.51874992251396 4.49999997019768 4.33125005662441 4.39375002682209 4.28750011324883 4.35000014305115 4.26875004172325 4.14999985694885 4.04999995231628 3.97500002384186 3.90625008940697 3.85000002384186 3.79999996721745 3.75624999403954 3.70625002682209 3.66249999403954 3.60624992847443 3.56249994039536 3.50624999403954 3.45625004172325 3.40000006556511 3.33750000596046 3.26249998807907 3.1875 3.10624994337559 3.01249998807907 2.91250005364418 2.79999999701977 2.70000000298023 2.56874994933605 2.43750005960464 2.31874999403954 2.18125000596046 2.04999995231628 1.91874998062849 1.77499998360872 1.63750003278255 1.5 1.35624996572733 1.21875002235174 1.07500001788139 0.943749986588955 0.800000004470348 0.662500001490116 0.537500008940697 0.400000005960464 0.275000009685755 0.150000002235174
4.54999992251396 4.62499997019768 4.74375006556511 4.40625002980232 4.4375 4.66875004768372 4.53124997019768 4.36250013113022 4.21874988079071 4.11249989271164 4.04374995827675 3.99375000596046 3.95000004768372 3.90625008940697 3.86250004172325 3.81874997913837 3.76874998211861 3.73125001788139 3.67500001192093 3.63749995827675 3.58749993145466 3.53749996423721 3.47500002384186 3.41250005364418 3.33750000596046 3.25 3.16249997913837 3.06249995529652 2.93750004470348 2.83125001192093 2.70000000298023 2.56874994933605 2.43125005066395 2.28749999403954 2.14999997615814 2.00624997913837 1.85624996572733 1.71875002235174 1.56875001639128 1.43124998360872 1.27499998360872 1.13750003278255 0.993749998509884 0.84374999627471 0.706249997019768 0.556250013411045 0.425000004470348 0.275000009685755 0.131250001955777
4.50624999403954 4.57499992847443 4.51249998807907 4.60624998807907 4.25624997913837 4.25624991953373 4.41874998807907 4.35000014305115 4.21874988079071 4.16874983906746 4.09999990463257 4.0874999165535 4.04374995827675 4.01249998807907 3.96250003576279 3.93125006556511 3.88125006854534 3.84375001490116 3.80624997615814 3.76249998807907 3.73125001788139 3.66875000298023 3.62499995529652 3.55624994635582 3.48750001192093 3.41250005364418 3.3125 3.20000000298023 3.08749994635582 2.96875002980232 2.83125001192093 2.6875 2.53749996423721 2.40000005066395 2.25 2.09999994933605 1.94999998807907 1.78749997913837 1.65000003576279 1.48749999701977 1.3437499627471 1.19375003129244 1.04375001043081 0.893749985843897 0.743749998509884 0.593750014901161 0.450000002980232 0.300000009126961 0.143750002142042
5.12499997019768 4.78125 4.59999993443489 4.51250001788139 4.44375005364418 4.10625003278255 3.90624995529652 4.1124999076128 4.18749982118607 4.19999980926514 4.1937498152256 4.16874983906746 4.14374986290932 4.11874988675117 4.07499992847443 4.03749996423721 4 3.95625004172325 3.93125006556511 3.88750006258488 3.85625003278255 3.82500000298023 3.76874999701977 3.7250000089407 3.64999997615814 3.56874994933605 3.46250003576279 3.36250002682209 3.23125000298023 3.09999994933605 2.96875002980232 2.79999999701977 2.66249997913837 2.5 2.35000002384186 2.1875 2.0312499627471 1.86874996870756 1.71875002235174 1.55625001341105 1.40624997764826 1.24375000596046 1.09375002235174 0.937499985098839 0.775000002235174 0.637500010430813 0.481250002980232 0.343750009313226 0.206250004004687
5.1187499165535 4.94375002384186 4.84374997019768 4.36250001192093 4.70625001192093 4.70000001788139 4.40000000596046 4.30625003576279 4.18749997019768 4.28750002384186 4.27500009536743 4.25625002384186 4.25 4.23124992847443 4.19374984502792 4.14999985694885 4.11249989271164 4.06874993443489 4.04999995231628 4.02499997615814 4.00624999403954 3.96250003576279 3.93750005960464 3.88125003874302 3.8187500089407 3.73125000298023 3.63749997317791 3.51874998211861 3.38750003278255 3.23750001192093 3.09374995529652 2.93125005066395 2.76874999701977 2.61249995231628 2.45000004768372 2.28749999403954 2.11874996125698 1.95624998211861 1.78749997913837 1.63125003129244 1.46874999254942 1.29999997466803 1.14375003427267 0.974999994039536 0.837499998509884 0.668749999254942 0.531250007450581 0.387500006705523 0.262500008568168
