analyses/habitats/outputs/crm-bathy-resolutions/crm 90x75 12s 324m.asc
NCOLS 75 
NROWS 90 
XLLCORNER -83.25042 
YLLCORNER 29.09958 
CELLSIZE 0.00333333333333333 
NODATA_value 0 
[rows 22 to 43 of 90, columns 0 to 48 of 75]
1.79999995976686 1.71875002980232 1.61875002831221 1.53125000745058 1.44374998658895 1.35624996572733 1.26874998211861 1.18125004321337 1.09375002235174 1.00625000149012 0.912499979138374 0.825000002980232 0.75 0.662500001490116 0.587500020861626 0.5 0.412500005215406 0.337500009685755 0.262500008568168 0.1937500028871 0.100000001490116 0.100000001490116 0.100000001490116 0.100000001490116 0.100000001490116 0.100000001490116 0.100000001490116 0.100000001490116 0.100000001490116 0.100000001490116 0.100000001490116 0.100000001490116 0.100000001490116 0.100000001490116 0.100000001490116 0.100000001490116 0.100000001490116 0.100000001490116 0 0 0.100000001490116 0.100000001490116 0.100000001490116 0.100000001490116 0.100000001490116 0 0 0 0
1.88124997168779 1.78124997019768 1.70000004023314 1.60000002384186 1.51250000298023 1.41874998062849 1.33124995976686 1.24375000596046 1.15000003576279 1.06250001490116 0.974999994039536 0.88749998062849 0.793750010430813 0.706249989569187 0.61250001937151 0.537500008940697 0.450000002980232 0.36875000782311 0.293750011362135 0.200000002980232 0.125000001862645 0.100000001490116 0.100000001490116 0.100000001490116 0.100000001490116 0.100000001490116 0.100000001490116 0.100000001490116 0.100000001490116 0.100000001490116 0.100000001490116 0.100000001490116 0.100000001490116 0.100000001490116 0.100000001490116 0.100000001490116 0.100000001490116 0.100000001490116 0.100000001490116 0.100000001490116 0.100000001490116 0.100000001490116 0.100000001490116 0.100000001490116 0 0 0 0 0
1.95624998956919 1.86249996721745 1.76874998211861 1.67500004172325 1.58125001937151 1.48749999701977 1.39999997615814 1.29999995976686 1.21250003576279 1.11875002831221 1.02500000596046 0.931249983608723 0.84374999627471 0.75 0.662500001490116 0.575000017881393 0.487500000745058 0.400000005960464 0.3062500115484 0.218750004656613 0.150000002235174 0.100000001490116 0.100000001490116 0.100000001490116 0.100000001490116 0.100000001490116 0.100000001490116 0.100000001490116 0.100000001490116 0.100000001490116 0.100000001490116 0.100000001490116 0.100000001490116 0.100000001490116 0.100000001490116 0.100000001490116 0.100000001490116 0.100000001490116 0.100000001490116 0.100000001490116 0.100000001490116 0.100000001490116 0.100000001490116 0 0 0 0 0 0
2.03124997019768 1.93749998509884 1.83749996125698 1.74375000596046 1.65000003576279 1.55625001341105 1.45624998956919 1.36874996870756 1.27499997615814 1.17500004172325 1.08125001937151 0.987499997019768 0.893749978393316 0.800000008195639 0.706249989569187 0.61250001937151 0.518750004470348 0.431250004097819 0.337500009685755 0.250000007450581 0.156250002328306 0.100000001490116 0.100000001490116 0.100000001490116 0.100000001490116 0.100000001490116 0.100000001490116 0.100000001490116 0.100000001490116 0.100000001490116 0.100000001490116 0.100000001490116 0.100000001490116 0.100000001490116 0.100000001490116 0.100000001490116 0.100000001490116 0.100000001490116 0.100000001490116 0.100000001490116 0.100000001490116 0.100000001490116 0.100000001490116 0 0 0 0 0 0
2.10624992847443 2.00624998658895 1.91249997913837 1.81874995678663 1.71875002980232 1.61875002831221 1.52500000596046 1.42499998211861 1.33124995976686 1.23125001788139 1.13750003278255 1.0375000089407 0.949999988079071 0.849999994039536 0.75 0.65625000372529 0.562500014901161 0.462500002235174 0.36875000782311 0.268750009126961 0.175000002607703 0.100000001490116 0.100000001490116 0.100000001490116 0.100000001490116 0.100000001490116 0.100000001490116 0.100000001490116 0.100000001490116 0.100000001490116 0.100000001490116 0.100000001490116 0.100000001490116 0.100000001490116 0.100000001490116 0.100000001490116 0.100000001490116 0.100000001490116 0.100000001490116 0.100000001490116 0.100000001490116 0.100000001490116 0.100000001490116 0 0 0 0 0 0
2.18125002086163 2.08749993145466 1.98749998956919 1.88749997317791 1.78749997168779 1.69375003874302 1.59375002235174 1.49374999850988 1.39374997466803 1.29374996572733 1.20000004023314 1.10000002384186 1 0.899999979883432 0.800000008195639 0.699999991804361 0.600000020116568 0.500000001862645 0.406250005587935 0.300000011920929 0.200000002980232 0.100000001490116 0.100000001490116 0.100000001490116 0.100000001490116 0.100000001490116 0.100000001490116 0.100000001490116 0.100000001490116 0.100000001490116 0.100000001490116 0.100000001490116 0.100000001490116 0.100000001490116 0.100000001490116 0.100000001490116 0.100000001490116 0.100000001490116 0.100000001490116 0.100000001490116 0.100000001490116 0.100000001490116 0.100000001490116 0 0 0 0 0 0
2.26249998807907 2.16249999403954 2.06249994039536 1.95624998956919 1.85624996572733 1.75624999403954 1.6562500372529 1.55625001341105 1.45624998956919 1.35624996572733 1.25 1.15000003576279 1.05000001192093 0.949999988079071 0.849999994039536 0.743749998509884 0.637500010430813 0.537500008940697 0.43750000372529 0.331250010058284 0.225000005215406 0.125000001862645 0.100000001490116 0.100000001490116 0.100000001490116 0.100000001490116 0.100000001490116 0.100000001490116 0.100000001490116 0.100000001490116 0.100000001490116 0.100000001490116 0.100000001490116 0.100000001490116 0.100000001490116 0.100000001490116 0.100000001490116 0.100000001490116 0.100000001490116 0.100000001490116 0.100000001490116 0.100000001490116 0.100000001490116 0 0 0 0 0 0
2.33750000596046 2.23750001192093 2.13749995827675 2.03124997019768 1.93124998360872 1.83124995976686 1.72500002384186 1.62500002980232 1.52500000596046 1.41874998062849 1.31874995678663 1.21250003576279 1.10625002533197 1 0.899999979883432 0.793750006705523 0.687499992549419 0.58125001937151 0.468750001862645 0.362500008195639 0.256250008009374 0.156250002328306 0.100000001490116 0.100000001490116 0.100000001490116 0.100000001490116 0.100000001490116 0.100000001490116 0.100000001490116 0.100000001490116 0.100000001490116 0.100000001490116 0.100000001490116 0.100000001490116 0.100000001490116 0.100000001490116 0.100000001490116 0.100000001490116 0.100000001490116 0.100000001490116 0.100000001490116 0.100000001490116 0.100000001490116 0.100000001490116 0 0 0 0 0
2.41875007748604 2.31249998509884 2.21250002086163 2.10624992847443 2.00624998658895 1.89999997615814 1.79374996572733 1.69375003874302 1.58750002086163 1.48124999552965 1.37499997019768 1.27499997615814 1.16250003874302 1.06250001490116 0.949999988079071 0.837499998509884 0.737499997019768 0.625000014901161 0.512500002980232 0.400000005960464 0.287500010803342 0.1937500028871 0.100000001490116 0.100000001490116 0.100000001490116 0.100000001490116 0.100000001490116 0.100000001490116 0.100000001490116 0.100000001490116 0.100000001490116 0.100000001490116 0.100000001490116 0.100000001490116 0.100000001490116 0.100000001490116 0.100000001490116 0.100000001490116 0.100000001490116 0.100000001490116 0.100000001490116 0.100000001490116 0.100000001490116 0.100000001490116 0.100000001490116 0.100000001490116 0.100000001490116 0 0
2.50624999403954 2.39375007152557 2.28749997913837 2.18750001490116 2.07499992847443 1.96874999254942 1.86874996870756 1.75624999403954 1.65000003576279 1.55000001192093 1.44374998658895 1.33124995976686 1.22500002384186 1.11875002831221 1.00625000149012 0.893749982118607 0.775000005960464 0.662500001490116 0.556250013411045 0.443750003352761 0.331250010058284 0.218750004656613 0.125000001862645 0.100000001490116 0.100000001490116 0.100000001490116 0.100000001490116 0.100000001490116 0.100000001490116 0.100000001490116 0.100000001490116 0.100000001490116 0.100000001490116 0.100000001490116 0.100000001490116 0.100000001490116 0.100000001490116 0.100000001490116 0.100000001490116 0.100000001490116 0.100000001490116 0.100000001490116 0.100000001490116 0.100000001490116 0.100000001490116 0.100000001490116 0.100000001490116 0.100000001490116 0.100000001490116
2.58749993145466 2.47500002384186 2.36875005066395 2.25624999403954 2.14999997615814 2.04374995827675 1.94374998658895 1.83124995976686 1.72500002384186 1.61250002682209 1.50625000149012 1.39374997466803 1.28749997168779 1.17500004172325 1.06250001490116 0.949999988079071 0.837499998509884 0.724999994039536 0.606250017881393 0.481250001117587 0.362500008195639 0.250000007450581 0.150000002235174 0.100000001490116 0.100000001490116 0.100000001490116 0.100000001490116 0.100000001490116 0.100000001490116 0.100000001490116 0.100000001490116 0.100000001490116 0.100000001490116 0.100000001490116 0.100000001490116 0.100000001490116 0.100000001490116 0.100000001490116 0.100000001490116 0.100000001490116 0.100000001490116 0.100000001490116 0.100000001490116 0.100000001490116 0.100000001490116 0.100000001490116 0.100000001490116 0.100000001490116 0.100000001490116
2.66249999403954 2.54999995231628 2.44375005364418 2.33124999701977 2.22500002384186 2.11249993741512 2.01249998062849 1.90624997764826 1.79374996572733 1.6875000372529 1.57500001788139 1.4624999910593 1.34999996423721 1.23750001192093 1.12500002980232 1.00625000149012 0.893749982118607 0.762500002980232 0.650000005960464 0.531250007450581 0.393750006332994 0.275000009685755 0.162500002421439 0.100000001490116 0.100000001490116 0.100000001490116 0.100000001490116 0.100000001490116 0.100000001490116 0.100000001490116 0.100000001490116 0.100000001490116 0.100000001490116 0.100000001490116 0.100000001490116 0.100000001490116 0.100000001490116 0.100000001490116 0.100000001490116 0.100000001490116 0.100000001490116 0.100000001490116 0.100000001490116 0.100000001490116 0.100000001490116 0.100000001490116 0.100000001490116 0.100000001490116 0.100000001490116
2.74375000596046 2.63124994933605 2.52499997615814 2.41250006854534 2.30624997615814 2.19375002384186 2.08749993145466 1.97499999403954 1.86249996721745 1.75 1.64375003427267 1.53125000745058 1.42499998211861 1.30624996125698 1.1875000372529 1.06875001639128 0.949999988079071 0.837499998509884 0.699999995529652 0.562500014901161 0.43750000372529 0.281250009313226 0.162500002421439 0.100000001490116 0.100000001490116 0.100000001490116 0.100000001490116 0.100000001490116 0.100000001490116 0.100000001490116 0.100000001490116 0.100000001490116 0.100000001490116 0.100000001490116 0.100000001490116 0.100000001490116 0.100000001490116 0.100000001490116 0.100000001490116 0.100000001490116 0.100000001490116 0.100000001490116 0.100000001490116 0.100000001490116 0.100000001490116 0.100000001490116 0.100000001490116 0.100000001490116 0.100000001490116
2.81874999403954 2.71250002086163 2.59374992549419 2.48750001192093 2.37500005960464 2.26874998211861 2.15624998509884 2.04999995231628 1.94374998658895 1.82499995827675 1.71250002831221 1.60625002533197 1.48749999701977 1.37499997019768 1.25624999403954 1.14375003427267 1.01875000447035 0.893749982118607 0.762500002980232 0.625000011175871 0.475000003352761 0.331250010058284 0.150000002235174 0.100000001490116 0.100000001490116 0.100000001490116 0.100000001490116 0.100000001490116 0.100000001490116 0.100000001490116 0.100000001490116 0.100000001490116 0.100000001490116 0.100000001490116 0.100000001490116 0.100000001490116 0.100000001490116 0.100000001490116 0.100000001490116 0.100000001490116 0.100000001490116 0.100000001490116 0.100000001490116 0.100000001490116 0.100000001490116 0.100000001490116 0.100000001490116 0.100000001490116 0.100000001490116
2.90000006556511 2.78749997913837 2.67500001192093 2.55624994635582 2.45000004768372 2.34375001490116 2.23125001788139 2.12499994039536 2.01249998062849 1.89999997615814 1.78749997168779 1.67500004172325 1.55625001341105 1.44999998807907 1.33124995976686 1.21250002831221 1.08750002086163 0.962499991059303 0.837499998509884 0.6875 0.550000011920929 0.375000007450581 0.175000003539026 0.100000001490116 0.100000001490116 0.118750001769513 0.150000002235174 0.168750002514571 0.175000002607703 0.175000002607703 0.150000002235174 0.131250001955777 0.106250001583248 0.100000001490116 0.100000001490116 0.100000001490116 0.100000001490116 0.100000001490116 0.100000001490116 0.100000001490116 0.100000001490116 0.100000001490116 0.100000001490116 0.100000001490116 0.100000001490116 0.100000001490116 0.100000001490116 0.100000001490116 0.100000001490116
2.97500002384186 2.85625003278255 2.75 2.64374996721745 2.52499997615814 2.41250006854534 2.30624997615814 2.19375002384186 2.08749993145466 1.97499999403954 1.86249996721745 1.75 1.64375003427267 1.52500000596046 1.41249997913837 1.28749997168779 1.16875004023314 1.04375001043081 0.918749984353781 0.775000002235174 0.637500006705523 0.481250004842877 0.318750008009374 0.212500005494803 0.212500005029142 0.225000005215406 0.250000007450581 0.250000007450581 0.250000007450581 0.225000005215406 0.212500004097819 0.200000002980232 0.200000002980232 0.168750002514571 0.13750000204891 0.100000001490116 0.100000001490116 0.100000001490116 0.100000001490116 0.100000001490116 0.100000001490116 0.100000001490116 0.100000001490116 0.100000001490116 0.100000001490116 0.100000001490116 0.100000001490116 0.100000001490116 0.100000001490116
3.04999995231628 2.93750005960464 2.82499998807907 2.71250002086163 2.59374992549419 2.48750001192093 2.37500005960464 2.26874998211861 2.15624998509884 2.04999995231628 1.94374998658895 1.83124995976686 1.71875002235174 1.61250002682209 1.48749999701977 1.37499997019768 1.25624999403954 1.13750003278255 1.00625000149012 0.874999988824129 0.743749998509884 0.606250010430813 0.493750005960464 0.406250005587935 0.356250008568168 0.350000008940697 0.350000008940697 0.343750009313226 0.325000010430813 0.312500011175871 0.300000011920929 0.287500010803342 0.256250008009374 0.212500004097819 0.200000002980232 0.187500002793968 0.13750000204891 0.100000001490116 0.100000001490116 0.100000001490116 0.100000001490116 0.100000001490116 0.100000001490116 0.100000001490116 0.100000001490116 0.100000001490116 0.100000001490116 0.100000001490116 0.100000001490116
3.12499994039536 3.00624999403954 2.89375007152557 2.77499997615814 2.66875000298023 2.55624994635582 2.45000004768372 2.34375001490116 2.23750001192093 2.13124994933605 2.01874997466803 1.91249997913837 1.79999996721745 1.6875000372529 1.58125001937151 1.4624999910593 1.3437499627471 1.23125001043081 1.11250002682209 0.987499997019768 0.868749991059303 0.756250001490116 0.650000005960464 0.568750012665987 0.52500000782311 0.475000001490116 0.462500002235174 0.450000002980232 0.425000004470348 0.400000005960464 0.387500006705523 0.356250008568168 0.312500011175871 0.300000011920929 0.275000009685755 0.225000005215406 0.200000002980232 0.187500002793968 0.131250001955777 0.100000001490116 0.100000001490116 0.100000001490116 0.100000001490116 0.100000001490116 0.100000001490116 0.100000001490116 0.100000001490116 0.100000001490116 0.100000001490116
3.18750001490116 3.07499992847443 2.95625004172325 2.85000002384186 2.74375000596046 2.63124994933605 2.52499997615814 2.42500007152557 2.31249998509884 2.20625002682209 2.09374992549419 1.98749998956919 1.88749997317791 1.77499997615814 1.66250003874302 1.55625001341105 1.43749998509884 1.33124996721745 1.21250002831221 1.10000002384186 1 0.893749985843897 0.793750002980232 0.724999997764826 0.662500001490116 0.625000014901161 0.575000017881393 0.550000011920929 0.518750004470348 0.493750000372529 0.468750001862645 0.431250004097819 0.400000005960464 0.375000007450581 0.325000010430813 0.300000011920929 0.275000009685755 0.218750004656613 0.200000002980232 0.175000002607703 0.112500001676381 0.100000001490116 0.100000001490116 0.100000001490116 0.100000001490116 0.100000001490116 0.100000001490116 0.100000001490116 0.100000001490116
3.25 3.13749995827675 3.02499997615814 2.92500007152557 2.80624997615814 2.70625002682209 2.59999991953373 2.49375000596046 2.38750006258488 2.28749997913837 2.18125002086163 2.07499992847443 1.96874999254942 1.86249996721745 1.76249998807907 1.65000003576279 1.5375000089407 1.43749998509884 1.33124996721745 1.21875002235174 1.11875002831221 1.02500000596046 0.943749986588955 0.862499989569187 0.800000004470348 0.743749998509884 0.706249993294477 0.662500001490116 0.631250012665987 0.587500020861626 0.556250013411045 0.512500002980232 0.487500000745058 0.43750000372529 0.400000005960464 0.375000007450581 0.318750010803342 0.300000011920929 0.250000007450581 0.206250003539026 0.200000002980232 0.150000002235174 0.100000001490116 0.100000001490116 0.100000001490116 0.100000001490116 0.100000001490116 0.100000001490116 0.100000001490116
3.30624997615814 3.20000003278255 3.09374992549419 2.98125001788139 2.87500005960464 2.77499997615814 2.66875000298023 2.56874993443489 2.46875002980232 2.36250004172325 2.26249998807907 2.16249999403954 2.06249994039536 1.9624999910593 1.84999996423721 1.74375000596046 1.63750003278255 1.5375000089407 1.43749998509884 1.33749996125698 1.24375000596046 1.15000003576279 1.06250001490116 0.993749998509884 0.937499985098839 0.862499989569187 0.825000002980232 0.768750004470348 0.731249995529652 0.687499992549419 0.643750008195639 0.606250021606684 0.562500014901161 0.512500002980232 0.487500000745058 0.425000004470348 0.400000005960464 0.350000008940697 0.300000011920929 0.281250010244548 0.218750004656613 0.200000002980232 0.181250002700835 0.118750001769513 0.100000001490116 0.100000001490116 0.100000001490116 0.100000001490116 0.100000001490116
3.36250004172325 3.25 3.14999997615814 3.04999995231628 2.94375005364418 2.84375001490116 2.74375000596046 2.64374996721745 2.54374995827675 2.44375005364418 2.34375001490116 2.24375000596046 2.13749995827675 2.03749996423721 1.93749998509884 1.83749996125698 1.73750001192093 1.64375003427267 1.55000001192093 1.45624998956919 1.36249996721745 1.27499998360872 1.19375003129244 1.11875002831221 1.05000001192093 0.993749998509884 0.937499985098839 0.881249982863665 0.837499998509884 0.787500008940697 0.737499997019768 0.693749990314245 0.650000005960464 0.600000023841858 0.550000011920929 0.506250001490116 0.468750001862645 0.406250005587935 0.381250007078052 0.312500011175871 0.300000011920929 0.237500006332994 0.200000002980232 0.1937500028871 0.13750000204891 0.100000001490116 0.100000001490116 0.100000001490116 0.100000001490116
