0-Data/habitats/processed/crm-salt-marsh-corrected/crm 120x100 9s 243m - saltmarsh corrected.asc
NCOLS 100 
NROWS 120 
XLLCORNER -83.25042 
YLLCORNER 29.09958 
CELLSIZE 0.0025 
NODATA_value 0 
[rows 44 to 65 of 120, columns 0 to 49 of 100]
2.66666666666667 2.58888880411784 2.5 2.41111119588216 2.33333333333333 2.25555555025736 2.17777779367235 2.08888880411784 2.01111110051473 1.93333331743876 1.85555552111732 1.77777775128682 1.68888893392351 1.61111113760206 1.52222222752041 1.44444443119897 1.35555552111732 1.27777775128682 1.18888893392351 1.10000002384186 1.01111111376021 0.922222203678555 0.844444440470801 0.744444443119897 0.655555559529199 0.566666682561239 0.466666668653488 0.37777778506279 0.300000011920929 0.200000002980232 0.111111112766796 0.100000001490116 0.100000001490116 0.100000001490116 0.100000001490116 0.100000001490116 0.100000001490116 0.100000001490116 0.100000001490116 0.100000001490116 0.100000001490116 0.100000001490116 0.100000001490116 0.100000001490116 0.100000001490116 0.100000001490116 0.100000001490116 0.100000001490116 0.100000001490116 0.100000001490116
2.72222224871318 2.6444444126553 2.56666660308838 2.48888889948527 2.38888896836175 2.31111107932197 2.23333334922791 2.15555553966098 2.07777770360311 1.98888888623979 1.91111108991835 1.8222221798367 1.74444444974264 1.65555559264289 1.57777779632144 1.48888888623979 1.41111108991835 1.3222221798367 1.23333334922791 1.14444447888268 1.05555556880103 0.977777772479587 0.888888869020674 0.788888898160722 0.699999988079071 0.600000023841858 0.5 0.400000005960464 0.300000011920929 0.200000002980232 0.133333335320155 0.100000001490116 0.100000001490116 0.100000001490116 0.100000001490116 0.100000001490116 0.100000001490116 0.100000001490116 0.100000001490116 0.100000001490116 0.100000001490116 0.100000001490116 0.100000001490116 0.100000001490116 0.100000001490116 0.100000001490116 0.100000001490116 0.100000001490116 0.100000001490116 0.100000001490116
2.78888885180155 2.70000004768372 2.61111103163825 2.53333330154419 2.45555559794108 2.37777784135607 2.28888885180155 2.21111114819845 2.12222215864393 2.04444440205892 1.96666665871938 1.87777774863773 1.78888885180155 1.71111114819845 1.62222225136227 1.54444445504083 1.45555554495917 1.37777774863773 1.28888885180155 1.20000004768372 1.11111113760206 1.02222222752041 0.922222203678555 0.844444440470801 0.744444443119897 0.64444445239173 0.533333341280619 0.433333337306976 0.322222232818604 0.211111115084754 0.100000001490116 0.100000001490116 0.100000001490116 0.100000001490116 0.100000001490116 0.100000001490116 0.100000001490116 0.100000001490116 0.100000001490116 0.100000001490116 0.100000001490116 0.100000001490116 0.100000001490116 0.100000001490116 0.100000001490116 0.100000001490116 0.100000001490116 0.100000001490116 0.100000001490116 0.100000001490116
2.84444446033902 2.76666665077209 2.67777779367235 2.58888880411784 2.51111110051473 2.42222229639689 2.34444446033902 2.26666665077209 2.18888892067803 2.09999990463257 2.01111110051473 1.93333331743876 1.84444440735711 1.76666665077209 1.68888893392351 1.60000002384186 1.51111111376021 1.42222220367856 1.34444440735711 1.25555555025736 1.1666667064031 1.07777779632144 0.977777772479587 0.888888869020674 0.788888898160722 0.677777773804135 0.577777796321445 0.466666668653488 0.344444453716278 0.233333339293798 0.100000001490116 0.100000001490116 0.100000001490116 0.100000001490116 0.100000001490116 0.100000001490116 0.100000001490116 0.100000001490116 0.100000001490116 0.100000001490116 0.100000001490116 0.100000001490116 0.100000001490116 0.100000001490116 0.100000001490116 0.100000001490116 0.100000001490116 0.100000001490116 0.100000001490116 0.100000001490116
2.91111119588216 2.81111107932197 2.73333334922791 2.65555553966098 2.56666660308838 2.48888889948527 2.40000009536743 2.31111107932197 2.23333334922791 2.15555553966098 2.07777770360311 1.98888888623979 1.91111108991835 1.81111106607649 1.73333334922791 1.65555559264289 1.56666668256124 1.48888888623979 1.38888886239794 1.31111106607649 1.21111114819845 1.12222225136227 1.03333334128062 0.944444431198968 0.844444440470801 0.744444443119897 0.622222238116794 0.522222227520413 0.388888895511627 0.24444445139832 0.111111112766796 0.100000001490116 0.100000001490116 0.100000001490116 0.111111112766796 0.133333335320155 0.155555557873514 0.166666669150194 0.166666669150194 0.166666669150194 0.133333335320155 0.122222224043475 0.100000001490116 0.100000001490116 0.100000001490116 0.100000001490116 0.100000001490116 0.100000001490116 0.100000001490116 0.100000001490116
2.96666669845581 2.87777784135607 2.78888885180155 2.71111114819845 2.62222215864393 2.53333330154419 2.45555559794108 2.37777784135607 2.28888885180155 2.21111114819845 2.12222215864393 2.04444440205892 1.96666665871938 1.87777774863773 1.78888885180155 1.71111114819845 1.62222225136227 1.53333334128062 1.45555554495917 1.36666663487752 1.27777775128682 1.18888893392351 1.08888891008165 0.988888886239794 0.89999998278088 0.800000005298191 0.688888880941603 0.577777796321445 0.455555558204651 0.322222231162919 0.188888892531395 0.133333335320155 0.144444446596834 0.177777780426873 0.200000002980232 0.200000002980232 0.200000002980232 0.200000002980232 0.200000002980232 0.200000002980232 0.200000002980232 0.200000002980232 0.200000002980232 0.166666669150194 0.133333335320155 0.100000001490116 0.100000001490116 0.100000001490116 0.100000001490116 0.100000001490116
3.01111110051473 2.93333339691162 2.84444446033902 2.76666665077209 2.68888892067803 2.58888880411784 2.51111110051473 2.42222229639689 2.34444446033902 2.26666665077209 2.18888892067803 2.09999990463257 2.01111110051473 1.93333331743876 1.85555552111732 1.76666665077209 1.68888893392351 1.58888891008165 1.51111111376021 1.42222220367856 1.3333332935969 1.24444444974264 1.15555559264289 1.06666668256124 0.966666658719381 0.866666654745738 0.76666667064031 0.666666666666667 0.544444455040826 0.433333337306976 0.344444453716278 0.266666675607363 0.266666675607363 0.266666675607363 0.277777787711885 0.300000011920929 0.300000011920929 0.300000011920929 0.288888899816407 0.266666675607363 0.255555563502842 0.233333339293798 0.200000002980232 0.200000002980232 0.200000002980232 0.200000002980232 0.155555557873514 0.111111112766796 0.100000001490116 0.100000001490116
3.07777770360311 2.98888889948527 2.90000009536743 2.81111107932197 2.73333334922791 2.6444444126553 2.56666660308838 2.48888889948527 2.40000009536743 2.31111107932197 2.23333334922791 2.15555553966098 2.07777770360311 1.98888888623979 1.91111108991835 1.8222221798367 1.74444444974264 1.6666667064031 1.57777779632144 1.48888888623979 1.39999997615814 1.31111106607649 1.22222224871318 1.13333336512248 1.03333334128062 0.933333317438761 0.833333333333333 0.73333332935969 0.64444445239173 0.555555568801032 0.477777779102325 0.422222226858139 0.37777778506279 0.366666674613953 0.366666674613953 0.366666674613953 0.366666674613953 0.333333343267441 0.333333343267441 0.311111122369766 0.300000011920929 0.300000011920929 0.300000011920929 0.266666675607363 0.222222227189276 0.200000002980232 0.200000002980232 0.200000002980232 0.155555557873514 0.111111112766796
3.12222215864393 3.04444440205892 2.95555559794108 2.87777784135607 2.78888885180155 2.70000004768372 2.61111103163825 2.53333330154419 2.45555559794108 2.37777784135607 2.28888885180155 2.21111114819845 2.13333328564962 2.05555550257365 1.96666665871938 1.88888886239794 1.81111106607649 1.71111114819845 1.63333336512248 1.55555556880103 1.46666665871938 1.37777774863773 1.28888885180155 1.20000003443824 1.11111113760206 1.02222222752041 0.933333317438761 0.833333333333333 0.755555556880103 0.666666666666667 0.60000001721912 0.544444455040826 0.511111113760206 0.466666668653488 0.466666668653488 0.444444447755814 0.433333337306976 0.411111116409302 0.400000005960464 0.400000005960464 0.388888895511627 0.355555564165115 0.322222232818604 0.300000011920929 0.300000011920929 0.288888899816407 0.24444445139832 0.200000002980232 0.200000002980232 0.200000002980232
3.17777779367235 3.08888880411784 3.01111110051473 2.91111119588216 2.83333333333333 2.75555555025736 2.67777779367235 2.58888880411784 2.51111110051473 2.43333339691162 2.3555555873447 2.27777775128682 2.18888892067803 2.11111103163825 2.02222220102946 1.94444443119897 1.86666663487752 1.78888885180155 1.71111114819845 1.61111113760206 1.53333334128062 1.44444443119897 1.36666663487752 1.27777775128682 1.18888893392351 1.10000002384186 1.01111111376021 0.933333317438761 0.85555554760827 0.777777784400516 0.711111101839278 0.655555559529199 0.622222238116794 0.577777796321445 0.555555568801032 0.533333341280619 0.5 0.5 0.488888889551163 0.455555558204651 0.433333337306976 0.400000005960464 0.400000005960464 0.37777778506279 0.344444453716278 0.300000011920929 0.300000011920929 0.288888899816407 0.24444445139832 0.200000002980232
3.22222224871318 3.1444444126553 3.05555550257365 2.97777779897054 2.88888896836175 2.81111107932197 2.72222224871318 2.6444444126553 2.56666660308838 2.48888889948527 2.41111119588216 2.32222220632765 2.24444444974264 2.16666666666667 2.08888880411784 2.01111110051473 1.93333331743876 1.84444440735711 1.76666665077209 1.68888893392351 1.61111113760206 1.51111111376021 1.43333331743876 1.36666663487752 1.26666665077209 1.18888893392351 1.11111113760206 1.03333334128062 0.955555544959174 0.877777761883206 0.822222226195865 0.76666667064031 0.722222215599484 0.677777773804135 0.655555559529199 0.622222238116794 0.600000023841858 0.577777796321445 0.544444455040826 0.511111113760206 0.5 0.488888889551163 0.455555558204651 0.411111116409302 0.400000005960464 0.388888895511627 0.344444453716278 0.300000011920929 0.300000011920929 0.288888899816407
3.27777775128682 3.18888892067803 3.09999990463257 3.01111110051473 2.94444449742635 2.8555555873447 2.78888885180155 2.70000004768372 2.61111103163825 2.54444440205892 2.46666669845581 2.38888896836175 2.31111107932197 2.22222224871318 2.15555553966098 2.07777770360311 1.98888888623979 1.91111108991835 1.8333332935969 1.76666665077209 1.6777778201633 1.58888891008165 1.51111111376021 1.43333331743876 1.36666663487752 1.26666665077209 1.20000003443824 1.12222225136227 1.05555556880103 0.988888886239794 0.922222203678555 0.877777761883206 0.822222226195865 0.777777784400516 0.744444443119897 0.711111101839278 0.688888880941603 0.655555559529199 0.622222238116794 0.600000023841858 0.577777796321445 0.544444455040826 0.5 0.5 0.455555558204651 0.411111116409302 0.400000005960464 0.388888895511627 0.333333343267441 0.300000011920929
3.31111107932197 3.22222224871318 3.15555553966098 3.07777770360311 2.98888889948527 2.91111119588216 2.82222220632765 2.75555555025736 2.67777779367235 2.59999990463257 2.51111110051473 2.44444449742635 2.36666671435038 2.28888885180155 2.21111114819845 2.13333328564962 2.06666660308838 1.98888888623979 1.91111108991835 1.8222221798367 1.74444444974264 1.6666667064031 1.58888891008165 1.51111111376021 1.43333331743876 1.36666663487752 1.28888885180155 1.21111114819845 1.14444447888268 1.07777779632144 1.02222222752041 0.977777772479587 0.922222203678555 0.877777761883206 0.833333333333333 0.800000011920929 0.76666667064031 0.722222215599484 0.699999988079071 0.677777773804135 0.633333345254262 0.600000023841858 0.588888910081651 0.544444455040826 0.5 0.5 0.455555558204651 0.400000005960464 0.400000005960464 0.366666674613953
3.3555555873447 3.27777775128682 3.20000004768372 3.11111103163825 3.03333330154419 2.95555559794108 2.88888896836175 2.79999995231628 2.72222224871318 2.65555553966098 2.58888880411784 2.5 2.42222229639689 2.3555555873447 2.28888885180155 2.20000004768372 2.11111103163825 2.04444440205892 1.97777777247959 1.88888886239794 1.81111106607649 1.73333334922791 1.6666667064031 1.58888891008165 1.51111111376021 1.44444443119897 1.37777774863773 1.31111106607649 1.23333334922791 1.1777778201633 1.11111113760206 1.05555556880103 1.01111111376021 0.977777772479587 0.922222203678555 0.888888869020674 0.844444440470801 0.811111119058397 0.788888898160722 0.744444443119897 0.699999988079071 0.688888880941603 0.64444445239173 0.600000023841858 0.588888910081651 0.533333341280619 0.5 0.488888889551163 0.433333337306976 0.400000005960464
3.40000009536743 3.31111107932197 3.22222224871318 3.15555553966098 3.08888880411784 3 2.92222229639689 2.8555555873447 2.78888885180155 2.70000004768372 2.63333328564962 2.56666660308838 2.48888889948527 2.41111119588216 2.33333333333333 2.26666665077209 2.18888892067803 2.11111103163825 2.03333330154419 1.96666665871938 1.88888886239794 1.81111106607649 1.74444444974264 1.6777778201633 1.61111113760206 1.53333334128062 1.46666665871938 1.38888886239794 1.3333332935969 1.27777775128682 1.21111114819845 1.15555559264289 1.11111113760206 1.05555556880103 1.01111111376021 0.977777772479587 0.922222203678555 0.899999976158142 0.85555554760827 0.811111119058397 0.788888898160722 0.744444443119897 0.699999988079071 0.688888880941603 0.622222238116794 0.600000023841858 0.577777796321445 0.511111113760206 0.5 0.466666668653488
3.43333339691162 3.3555555873447 3.27777775128682 3.20000004768372 3.11111103163825 3.05555550257365 2.98888889948527 2.90000009536743 2.82222220632765 2.76666665077209 2.68888892067803 2.61111103163825 2.53333330154419 2.47777779897054 2.40000009536743 2.33333333333333 2.26666665077209 2.18888892067803 2.11111103163825 2.03333330154419 1.96666665871938 1.88888886239794 1.8333332935969 1.76666665077209 1.68888893392351 1.61111113760206 1.55555556880103 1.48888888623979 1.42222220367856 1.36666663487752 1.31111106607649 1.24444444974264 1.18888893392351 1.14444447888268 1.10000002384186 1.05555556880103 1.01111111376021 0.977777772479587 0.922222203678555 0.899999976158142 0.85555554760827 0.800000011920929 0.788888898160722 0.722222215599484 0.699999988079071 0.666666666666667 0.611111130979326 0.588888910081651 0.533333341280619 0.5
3.47777779897054 3.40000009536743 3.29999995231628 3.24444444974264 3.17777779367235 3.09999990463257 3.01111110051473 2.95555559794108 2.88888896836175 2.81111107932197 2.73333334922791 2.68888892067803 2.59999990463257 2.53333330154419 2.46666669845581 2.38888896836175 2.31111107932197 2.26666665077209 2.18888892067803 2.11111103163825 2.03333330154419 1.97777777247959 1.91111108991835 1.8333332935969 1.76666665077209 1.71111114819845 1.63333336512248 1.57777779632144 1.51111111376021 1.45555554495917 1.38888886239794 1.3333332935969 1.28888885180155 1.23333334922791 1.18888893392351 1.14444447888268 1.10000002384186 1.05555556880103 1 0.977777772479587 0.911111089918349 0.888888869020674 0.833333333333333 0.800000011920929 0.76666667064031 0.699999988079071 0.688888880941603 0.622222238116794 0.600000023841858 0.555555568801032
3.5 3.41111119588216 3.34444446033902 3.28888885180155 3.20000004768372 3.13333328564962 3.07777770360311 3 2.93333339691162 2.86666671435038 2.79999995231628 2.72222224871318 2.66666666666667 2.59999990463257 2.51111110051473 2.46666669845581 2.38888896836175 2.31111107932197 2.26666665077209 2.18888892067803 2.11111103163825 2.05555550257365 1.98888888623979 1.91111108991835 1.85555552111732 1.78888885180155 1.72222224871318 1.6666667064031 1.58888891008165 1.53333334128062 1.48888888623979 1.42222220367856 1.37777774863773 1.31111106607649 1.27777775128682 1.21111114819845 1.1777778201633 1.12222225136227 1.08888891008165 1.03333334128062 1 0.944444431198968 0.899999976158142 0.866666654745738 0.811111119058397 0.788888898160722 0.722222215599484 0.699999988079071 0.633333345254262 0.600000023841858
3.51111110051473 3.44444449742635 3.38888896836175 3.29999995231628 3.24444444974264 3.18888892067803 3.11111103163825 3.05555550257365 2.98888889948527 2.91111119588216 2.86666671435038 2.78888885180155 2.71111114819845 2.66666666666667 2.58888880411784 2.51111110051473 2.46666669845581 2.38888896836175 2.31111107932197 2.26666665077209 2.18888892067803 2.12222215864393 2.06666660308838 1.98888888623979 1.93333331743876 1.86666663487752 1.81111106607649 1.74444444974264 1.68888893392351 1.62222225136227 1.56666668256124 1.51111111376021 1.45555554495917 1.41111108991835 1.35555552111732 1.29999995231628 1.25555555025736 1.20000004768372 1.15555559264289 1.11111113760206 1.06666668256124 1.01111111376021 0.988888886239794 0.911111089918349 0.888888869020674 0.822222226195865 0.800000011920929 0.73333332935969 0.699999988079071 0.666666666666667
3.53333330154419 3.48888889948527 3.40000009536743 3.34444446033902 3.29999995231628 3.21111114819845 3.16666666666667 3.09999990463257 3.03333330154419 2.98888889948527 2.90000009536743 2.83333333333333 2.78888885180155 2.71111114819845 2.66666666666667 2.58888880411784 2.51111110051473 2.46666669845581 2.40000009536743 2.33333333333333 2.26666665077209 2.20000004768372 2.13333328564962 2.07777770360311 2.01111110051473 1.95555554495917 1.88888886239794 1.8222221798367 1.77777775128682 1.71111114819845 1.65555559264289 1.60000002384186 1.54444445504083 1.48888888623979 1.43333331743876 1.38888886239794 1.3333332935969 1.28888885180155 1.23333334922791 1.18888893392351 1.13333336512248 1.08888891008165 1.03333334128062 1 0.933333317438761 0.899999976158142 0.833333333333333 0.800000011920929 0.73333332935969 0.699999988079071
3.56666660308838 3.5 3.44444449742635 3.40000009536743 3.31111107932197 3.27777775128682 3.20000004768372 3.1444444126553 3.08888880411784 3.01111110051473 2.96666669845581 2.90000009536743 2.83333333333333 2.78888885180155 2.71111114819845 2.66666666666667 2.58888880411784 2.53333330154419 2.46666669845581 2.40000009536743 2.33333333333333 2.28888885180155 2.21111114819845 2.15555553966098 2.08888880411784 2.03333330154419 1.97777777247959 1.91111108991835 1.85555552111732 1.78888885180155 1.73333334922791 1.68888893392351 1.62222225136227 1.57777779632144 1.51111111376021 1.46666665871938 1.41111108991835 1.36666663487752 1.31111106607649 1.26666665077209 1.20000004768372 1.1666667064031 1.10000002384186 1.05555556880103 1 0.955555544959174 0.899999976158142 0.85555554760827 0.800000011920929 0.755555556880103
3.59999990463257 3.51111110051473 3.48888889948527 3.41111119588216 3.37777784135607 3.29999995231628 3.26666665077209 3.20000004768372 3.13333328564962 3.08888880411784 3.01111110051473 2.96666669845581 2.90000009536743 2.83333333333333 2.78888885180155 2.71111114819845 2.66666666666667 2.59999990463257 2.53333330154419 2.48888889948527 2.41111119588216 2.36666671435038 2.28888885180155 2.23333334922791 2.17777779367235 2.11111103163825 2.05555550257365 1.98888888623979 1.93333331743876 1.88888886239794 1.8222221798367 1.76666665077209 1.71111114819845 1.65555559264289 1.60000002384186 1.54444445504083 1.48888888623979 1.43333331743876 1.38888886239794 1.3222221798367 1.28888885180155 1.21111114819845 1.1777778201633 1.11111113760206 1.06666668256124 1.01111111376021 0.966666658719381 0.899999976158142 0.866666654745738 0.800000011920929
