0-Data/habitats/processed/crm-salt-marsh-corrected/crm 120x100 9s 243m - saltmarsh corrected.asc
NCOLS 100 
NROWS 120 
XLLCORNER -83.25042 
YLLCORNER 29.09958 
CELLSIZE 0.0025 
NODATA_value 0 
[rows 66 to 87 of 120, columns 50 to 99 of 100]
0.800000011920929 0.73333332935969 0.699999988079071 0.611111130979326 0.588888910081651 0.5 0.488888889551163 0.400000005960464 0.37777778506279 0.300000011920929 0.277777787711885 0.200000002980232 0.200000002980232 0.100000001490116 0.100000001490116 0.100000001490116 0.100000001490116 0.100000001490116 0.100000001490116 0.100000001490116 0.100000001490116 0.100000001490116 0.100000001490116 0.100000001490116 0.100000001490116 0.100000001490116 0.100000001490116 0.100000001490116 0.100000001490116 0.100000001490116 0.100000001490116 0.100000001490116 0.100000001490116 0 0 0 0 0 0 0 0 0 0 0 0 0 0 0 0 0
0.833333333333333 0.788888898160722 0.711111101839278 0.677777773804135 0.600000023841858 0.555555568801032 0.5 0.433333337306976 0.400000005960464 0.311111122369766 0.300000011920929 0.200000002980232 0.200000002980232 0.100000001490116 0.100000001490116 0.100000001490116 0.100000001490116 0.100000001490116 0.100000001490116 0.100000001490116 0.100000001490116 0.100000001490116 0.100000001490116 0.100000001490116 0.100000001490116 0.100000001490116 0.100000001490116 0.100000001490116 0.100000001490116 0.100000001490116 0.100000001490116 0.100000001490116 0.100000001490116 0.100000001490116 0 0 0 0 0 0 0 0 0 0 0 0 0 0 0 0
0.899999976158142 0.811111119058397 0.777777784400516 0.699999988079071 0.64444445239173 0.600000023841858 0.511111113760206 0.477777779102325 0.400000005960464 0.344444453716278 0.300000011920929 0.222222227189276 0.200000002980232 0.100000001490116 0.100000001490116 0.100000001490116 0.100000001490116 0.100000001490116 0.100000001490116 0.100000001490116 0.100000001490116 0.100000001490116 0.100000001490116 0.100000001490116 0.100000001490116 0.100000001490116 0.100000001490116 0.100000001490116 0.100000001490116 0.100000001490116 0.100000001490116 0.100000001490116 0.100000001490116 0 0 0 0 0 0 0 0 0 0 0 0 0 0 0 0 0
0.933333317438761 0.877777761883206 0.800000011920929 0.744444443119897 0.688888880941603 0.600000023841858 0.555555568801032 0.5 0.411111116409302 0.366666674613953 0.300000011920929 0.233333339293798 0.200000002980232 0.100000001490116 0.100000001490116 0.100000001490116 0.100000001490116 0.100000001490116 0.100000001490116 0.100000001490116 0.100000001490116 0.100000001490116 0.100000001490116 0.100000001490116 0.100000001490116 0.100000001490116 0.100000001490116 0.100000001490116 0.100000001490116 0.100000001490116 0.100000001490116 0.100000001490116 0 0 0 0 0 0 0 0 0 0 0 0 0 0 0 0 0 0
0.988888886239794 0.911111089918349 0.844444440470801 0.788888898160722 0.699999988079071 0.64444445239173 0.588888910081651 0.5 0.444444447755814 0.400000005960464 0.300000011920929 0.233333339293798 0.200000002980232 0.100000001490116 0.100000001490116 0.100000001490116 0.100000001490116 0.100000001490116 0.100000001490116 0.100000001490116 0.100000001490116 0.100000001490116 0.100000001490116 0.100000001490116 0.100000001490116 0.100000001490116 0.100000001490116 0.100000001490116 0.100000001490116 0.100000001490116 0.100000001490116 0.100000001490116 0 0 0 0 0 0 0 0 0 0 0 0 0 0 0 0 0 0
1.02222222752041 0.966666658719381 0.899999976158142 0.811111119058397 0.755555556880103 0.688888880941603 0.600000023841858 0.533333341280619 0.477777779102325 0.400000005960464 0.322222232818604 0.266666675607363 0.200000002980232 0.100000001490116 0.100000001490116 0.100000001490116 0.100000001490116 0.100000001490116 0.100000001490116 0.100000001490116 0.100000001490116 0.100000001490116 0.100000001490116 0.100000001490116 0.100000001490116 0.100000001490116 0.100000001490116 0.100000001490116 0.100000001490116 0.100000001490116 0.100000001490116 0.100000001490116 0.100000001490116 0 0 0 0 0 0 0 0 0 0 0 0 0 0 0 0 0
1.08888891008165 1 0.922222203678555 0.85555554760827 0.800000011920929 0.699999988079071 0.64444445239173 0.577777796321445 0.5 0.400000005960464 0.333333343267441 0.266666675607363 0.200000002980232 0.100000001490116 0.100000001490116 0.100000001490116 0.100000001490116 0.100000001490116 0.100000001490116 0.100000001490116 0.100000001490116 0.100000001490116 0.100000001490116 0.100000001490116 0.100000001490116 0.100000001490116 0.100000001490116 0.100000001490116 0.100000001490116 0.100000001490116 0 0.100000001490116 0.100000001490116 0.100000001490116 0 0 0 0 0 0 0 0 0 0 0 0 0 0 0 0
1.12222225136227 1.05555556880103 0.988888886239794 0.899999976158142 0.822222226195865 0.744444443119897 0.677777773804135 0.600000023841858 0.511111113760206 0.433333337306976 0.366666674613953 0.288888899816407 0.200000002980232 0.111111112766796 0.100000001490116 0.100000001490116 0.100000001490116 0.100000001490116 0.100000001490116 0.100000001490116 0.100000001490116 0.100000001490116 0.100000001490116 0.100000001490116 0.100000001490116 0.100000001490116 0.100000001490116 0.100000001490116 0.100000001490116 0 0.100000001490116 0.100000001490116 0.100000001490116 0 0 0 0 0 0 0 0 0 0 0 0 0 0 0 0 0
1.18888893392351 1.10000002384186 1.01111111376021 0.944444431198968 0.85555554760827 0.788888898160722 0.699999988079071 0.611111130979326 0.544444455040826 0.466666668653488 0.388888895511627 0.300000011920929 0.211111115084754 0.133333335320155 0.100000001490116 0.100000001490116 0.100000001490116 0.100000001490116 0.100000001490116 0.100000001490116 0.100000001490116 0.100000001490116 0.100000001490116 0.100000001490116 0.100000001490116 0.100000001490116 0.100000001490116 0.100000001490116 0.100000001490116 0.100000001490116 0 0 0 0 0 0 0 0 0 0 0 0 0 0 0 0 0 0 0 0
1.22222224871318 1.14444447888268 1.07777779632144 0.988888886239794 0.899999976158142 0.811111119058397 0.73333332935969 0.655555559529199 0.566666682561239 0.488888889551163 0.400000005960464 0.311111122369766 0.233333339293798 0.166666669150194 0.100000001490116 0.100000001490116 0.100000001490116 0.100000001490116 0.100000001490116 0.100000001490116 0.100000001490116 0.100000001490116 0.100000001490116 0.100000001490116 0.100000001490116 0.100000001490116 0.100000001490116 0.100000001490116 0.100000001490116 0.100000001490116 0 0 0 0 0 0 0 0 0 0 0 0 0 0 0 0 0 0 0 0
1.28888885180155 1.20000004768372 1.11111113760206 1.02222222752041 0.944444431198968 0.85555554760827 0.76666667064031 0.688888880941603 0.600000023841858 0.5 0.422222226858139 0.333333343267441 0.266666675607363 0.188888891703553 0.100000001490116 0.100000001490116 0.100000001490116 0.100000001490116 0.100000001490116 0.100000001490116 0.100000001490116 0.100000001490116 0.100000001490116 0.100000001490116 0.100000001490116 0.100000001490116 0.100000001490116 0.100000001490116 0.100000001490116 0.100000001490116 0.100000001490116 0.100000001490116 0 0 0 0 0 0 0 0 0 0 0 0 0 0 0 0 0 0
1.3333332935969 1.24444444974264 1.15555559264289 1.07777779632144 0.988888886239794 0.888888869020674 0.800000011920929 0.711111101839278 0.622222238116794 0.533333341280619 0.444444447755814 0.366666674613953 0.288888899816407 0.200000002980232 0.122222224043475 0.100000001490116 0.100000001490116 0.100000001490116 0.100000001490116 0.100000001490116 0.100000001490116 0.100000001490116 0.100000001490116 0.100000001490116 0.100000001490116 0.100000001490116 0.100000001490116 0.100000001490116 0.100000001490116 0.100000001490116 0.100000001490116 0.100000001490116 0.100000001490116 0 0 0 0 0 0 0 0 0 0 0 0 0 0 0 0 0
1.38888886239794 1.29999995231628 1.21111114819845 1.11111113760206 1.02222222752041 0.922222203678555 0.833333333333333 0.744444443119897 0.655555559529199 0.566666682561239 0.477777779102325 0.400000005960464 0.300000011920929 0.211111115084754 0.155555557873514 0.100000001490116 0.100000001490116 0.100000001490116 0.100000001490116 0.100000001490116 0.100000001490116 0.100000001490116 0.100000001490116 0.100000001490116 0.100000001490116 0.100000001490116 0.100000001490116 0.100000001490116 0.100000001490116 0.100000001490116 0.100000001490116 0.100000001490116 0 0 0 0 0 0 0 0 0 0 0 0 0 0 0 0 0 0
1.44444443119897 1.34444440735711 1.25555555025736 1.15555559264289 1.05555556880103 0.966666658719381 0.866666654745738 0.777777784400516 0.677777773804135 0.588888910081651 0.5 0.400000005960464 0.311111122369766 0.233333339293798 0.166666669150194 0.100000001490116 0.100000001490116 0.100000001490116 0.100000001490116 0.100000001490116 0.100000001490116 0.100000001490116 0.100000001490116 0.100000001490116 0.100000001490116 0.100000001490116 0.100000001490116 0.100000001490116 0.100000001490116 0.100000001490116 0.100000001490116 0.100000001490116 0.100000001490116 0 0 0 0 0 0 0 0 0 0 0 0 0 0 0 0 0
1.5 1.41111108991835 1.31111106607649 1.21111114819845 1.11111113760206 1.01111111376021 0.911111089918349 0.811111119058397 0.711111101839278 0.611111130979326 0.511111113760206 0.422222226858139 0.333333343267441 0.255555563502842 0.200000002980232 0.100000001490116 0.100000001490116 0.100000001490116 0.100000001490116 0.100000001490116 0.100000001490116 0.100000001490116 0.100000001490116 0.100000001490116 0.100000001490116 0.100000001490116 0.100000001490116 0.100000001490116 0.100000001490116 0.100000001490116 0.100000001490116 0.100000001490116 0.100000001490116 0 0 0 0 0 0 0 0 0 0 0 0 0 0 0 0 0
1.55555556880103 1.45555554495917 1.35555552111732 1.24444444974264 1.14444447888268 1.04444445504083 0.944444431198968 0.833333333333333 0.73333332935969 0.633333345254262 0.533333341280619 0.433333337306976 0.333333343267441 0.266666675607363 0.177777780426873 0.100000001490116 0.100000001490116 0.100000001490116 0.100000001490116 0.100000001490116 0.100000001490116 0.100000001490116 0.100000001490116 0.100000001490116 0.100000001490116 0.100000001490116 0.100000001490116 0.100000001490116 0.100000001490116 0.100000001490116 0.100000001490116 0.100000001490116 0.100000001490116 0.100000001490116 0 0 0 0 0 0 0 0 0 0 0 0 0 0 0 0
1.61111113760206 1.51111111376021 1.39999997615814 1.28888885180155 1.18888893392351 1.07777779632144 0.977777772479587 0.866666654745738 0.76666667064031 0.666666666666667 0.566666682561239 0.466666668653488 0.366666674613953 0.266666675607363 0.166666669150194 0.100000001490116 0.100000001490116 0.100000001490116 0.100000001490116 0.100000001490116 0.100000001490116 0.100000001490116 0.100000001490116 0.100000001490116 0.100000001490116 0.100000001490116 0.100000001490116 0.100000001490116 0.100000001490116 0.100000001490116 0.100000001490116 0.100000001490116 0.100000001490116 0.100000001490116 0.100000001490116 0.100000001490116 0 0 0 0 0 0 0 0 0 0 0 0 0 0
1.6777778201633 1.55555556880103 1.45555554495917 1.34444440735711 1.23333334922791 1.12222225136227 1.02222222752041 0.911111089918349 0.800000011920929 0.688888880941603 0.577777796321445 0.466666668653488 0.366666674613953 0.266666675607363 0.133333335320155 0.100000001490116 0.100000001490116 0.100000001490116 0.100000001490116 0.100000001490116 0.100000001490116 0.100000001490116 0.100000001490116 0.100000001490116 0.100000001490116 0.100000001490116 0.100000001490116 0.100000001490116 0.100000001490116 0.100000001490116 0.100000001490116 0.100000001490116 0.100000001490116 0.100000001490116 0.100000001490116 0.100000001490116 0 0 0 0 0 0 0 0 0 0 0 0 0 0
1.72222224871318 1.62222225136227 1.5 1.38888886239794 1.27777775128682 1.1666667064031 1.05555556880103 0.944444431198968 0.833333333333333 0.722222215599484 0.611111130979326 0.5 0.388888895511627 0.266666675607363 0.155555557873514 0.100000001490116 0.100000001490116 0.100000001490116 0.100000001490116 0.100000001490116 0.100000001490116 0.100000001490116 0.100000001490116 0.100000001490116 0.100000001490116 0.100000001490116 0.100000001490116 0.100000001490116 0.100000001490116 0.100000001490116 0.100000001490116 0.100000001490116 0.100000001490116 0 0.100000001490116 0.100000001490116 0 0 0 0 0 0 0 0 0 0 0 0 0 0
1.77777775128682 1.6777778201633 1.55555556880103 1.44444443119897 1.3222221798367 1.21111114819845 1.08888891008165 0.966666658719381 0.866666654745738 0.744444443119897 0.633333345254262 0.533333341280619 0.422222226858139 0.311111122369766 0.188888891703553 0.111111112766796 0.100000001490116 0.100000001490116 0.100000001490116 0.100000001490116 0.100000001490116 0.100000001490116 0.100000001490116 0.100000001490116 0.100000001490116 0.100000001490116 0.100000001490116 0.100000001490116 0.100000001490116 0.100000001490116 0.100000001490116 0.100000001490116 0.100000001490116 0.100000001490116 0 0.100000001490116 0.100000001490116 0 0 0 0 0 0 0 0 0 0 0 0 0
1.84444440735711 1.72222224871318 1.60000002384186 1.47777777247959 1.36666663487752 1.24444444974264 1.13333336512248 1.02222222752041 0.888888869020674 0.777777784400516 0.666666666666667 0.555555568801032 0.444444447755814 0.344444453716278 0.24444445139832 0.177777780426873 0.100000001490116 0.100000001490116 0.100000001490116 0.100000001490116 0.100000001490116 0.100000001490116 0.100000001490116 0.100000001490116 0.100000001490116 0.100000001490116 0.100000001490116 0.100000001490116 0.100000001490116 0.100000001490116 0.100000001490116 0.100000001490116 0.100000001490116 0.100000001490116 0.100000001490116 0.100000001490116 0.100000001490116 0 0 0 0 0 0 0 0 0.100000001490116 0.100000001490116 0 0 0.100000001490116
1.89999997615814 1.77777775128682 1.65555559264289 1.54444445504083 1.42222220367856 1.27777775128682 1.1666667064031 1.04444445504083 0.933333317438761 0.822222226195865 0.699999988079071 0.577777796321445 0.477777779102325 0.37777778506279 0.288888899816407 0.200000002980232 0.144444446596834 0.100000001490116 0.100000001490116 0.100000001490116 0.100000001490116 0.100000001490116 0.100000001490116 0.100000001490116 0.100000001490116 0.100000001490116 0.100000001490116 0.100000001490116 0.100000001490116 0.100000001490116 0.100000001490116 0.100000001490116 0.100000001490116 0.100000001490116 0.100000001490116 0.100000001490116 0 0 0 0 0 0 0 0 0.100000001490116 0 0.100000001490116 0 0 0
