0-Data/habitats/processed/crm-salt-marsh-corrected/crm 120x100 9s 243m - saltmarsh corrected.asc
NCOLS 100 
NROWS 120 
XLLCORNER -83.25042 
YLLCORNER 29.09958 
CELLSIZE 0.0025 
NODATA_value 0 
[rows 22 to 43 of 120, columns 0 to 49 of 100]
1.39999997615814 1.35555552111732 1.29999995231628 1.22222224871318 1.18888893392351 1.10000002384186 1.05555556880103 1 0.922222203678555 0.888888869020674 0.800000011920929 0.76666667064031 0.699999988079071 0.633333345254262 0.600000023841858 0.522222227520413 0.5 0.411111116409302 0.400000005960464 0.322222232818604 0.300000011920929 0.255555563502842 0.200000002980232 0.200000002980232 0.111111112766796 0.100000001490116 0.100000001490116 0.100000001490116 0.100000001490116 0.100000001490116 0.100000001490116 0.100000001490116 0.100000001490116 0.100000001490116 0.100000001490116 0.100000001490116 0.100000001490116 0.100000001490116 0.100000001490116 0.100000001490116 0.100000001490116 0.100000001490116 0.100000001490116 0.100000001490116 0.100000001490116 0.100000001490116 0 0.100000001490116 0 0
1.46666665871938 1.39999997615814 1.3333332935969 1.28888885180155 1.21111114819845 1.1666667064031 1.10000002384186 1.03333334128062 0.988888886239794 0.911111089918349 0.866666654745738 0.800000011920929 0.73333332935969 0.699999988079071 0.611111130979326 0.588888910081651 0.511111113760206 0.488888889551163 0.400000005960464 0.388888895511627 0.300000011920929 0.300000011920929 0.211111115084754 0.200000002980232 0.155555557873514 0.100000001490116 0.100000001490116 0.100000001490116 0.100000001490116 0.100000001490116 0.100000001490116 0.100000001490116 0.100000001490116 0.100000001490116 0.100000001490116 0.100000001490116 0.100000001490116 0.100000001490116 0.100000001490116 0.100000001490116 0.100000001490116 0.100000001490116 0.100000001490116 0.100000001490116 0 0 0 0.100000001490116 0 0
1.51111111376021 1.46666665871938 1.39999997615814 1.3222221798367 1.27777775128682 1.20000004768372 1.14444447888268 1.08888891008165 1.01111111376021 0.966666658719381 0.899999976158142 0.833333333333333 0.800000011920929 0.711111101839278 0.677777773804135 0.600000023841858 0.566666682561239 0.5 0.455555558204651 0.400000005960464 0.355555564165115 0.300000011920929 0.277777787711885 0.200000002980232 0.200000002980232 0.111111112766796 0.100000001490116 0.100000001490116 0.100000001490116 0.100000001490116 0.100000001490116 0.100000001490116 0.100000001490116 0.100000001490116 0.100000001490116 0.100000001490116 0.100000001490116 0.100000001490116 0.100000001490116 0.100000001490116 0.100000001490116 0.100000001490116 0 0.100000001490116 0.100000001490116 0 0 0 0 0
1.57777779632144 1.5 1.43333331743876 1.38888886239794 1.31111106607649 1.26666665077209 1.20000004768372 1.12222225136227 1.07777779632144 1 0.944444431198968 0.899999976158142 0.811111119058397 0.777777784400516 0.699999988079071 0.655555559529199 0.600000023841858 0.533333341280619 0.5 0.411111116409302 0.400000005960464 0.311111122369766 0.300000011920929 0.222222227189276 0.200000002980232 0.144444446596834 0.100000001490116 0.100000001490116 0.100000001490116 0.100000001490116 0.100000001490116 0.100000001490116 0.100000001490116 0.100000001490116 0.100000001490116 0.100000001490116 0.100000001490116 0.100000001490116 0.100000001490116 0.100000001490116 0.100000001490116 0.100000001490116 0.100000001490116 0.100000001490116 0 0 0 0 0 0
1.61111113760206 1.56666668256124 1.5 1.42222220367856 1.37777774863773 1.29999995231628 1.23333334922791 1.18888893392351 1.11111113760206 1.05555556880103 1 0.922222203678555 0.877777761883206 0.800000011920929 0.744444443119897 0.699999988079071 0.622222238116794 0.588888910081651 0.5 0.477777779102325 0.400000005960464 0.355555564165115 0.300000011920929 0.255555563502842 0.200000002980232 0.166666669150194 0.100000001490116 0.100000001490116 0.100000001490116 0.100000001490116 0.100000001490116 0.100000001490116 0.100000001490116 0.100000001490116 0.100000001490116 0.100000001490116 0.100000001490116 0.100000001490116 0.100000001490116 0.100000001490116 0.100000001490116 0.100000001490116 0.100000001490116 0.100000001490116 0 0 0 0 0 0
1.68888893392351 1.61111113760206 1.54444445504083 1.48888888623979 1.41111108991835 1.36666663487752 1.29999995231628 1.21111114819845 1.1666667064031 1.10000002384186 1.03333334128062 0.988888886239794 0.899999976158142 0.844444440470801 0.800000011920929 0.711111101839278 0.677777773804135 0.600000023841858 0.544444455040826 0.5 0.422222226858139 0.400000005960464 0.311111122369766 0.300000011920929 0.200000002980232 0.200000002980232 0.100000001490116 0.100000001490116 0.100000001490116 0.100000001490116 0.100000001490116 0.100000001490116 0.100000001490116 0.100000001490116 0.100000001490116 0.100000001490116 0.100000001490116 0.100000001490116 0.100000001490116 0.100000001490116 0.100000001490116 0.100000001490116 0.100000001490116 0 0 0 0 0 0 0
1.73333334922791 1.6666667064031 1.60000002384186 1.53333334128062 1.47777777247959 1.39999997615814 1.3333332935969 1.28888885180155 1.20000004768372 1.14444447888268 1.08888891008165 1.01111111376021 0.955555544959174 0.899999976158142 0.811111119058397 0.777777784400516 0.699999988079071 0.64444445239173 0.600000023841858 0.511111113760206 0.477777779102325 0.400000005960464 0.355555564165115 0.300000011920929 0.233333339293798 0.200000002980232 0.122222224043475 0.100000001490116 0.100000001490116 0.100000001490116 0.100000001490116 0.100000001490116 0.100000001490116 0.100000001490116 0.100000001490116 0.100000001490116 0.100000001490116 0.100000001490116 0.100000001490116 0.100000001490116 0.100000001490116 0.100000001490116 0.100000001490116 0.100000001490116 0.100000001490116 0 0 0 0 0
1.78888885180155 1.71111114819845 1.65555559264289 1.58888891008165 1.51111111376021 1.45555554495917 1.38888886239794 1.31111106607649 1.25555555025736 1.20000004768372 1.11111113760206 1.06666668256124 1 0.922222203678555 0.877777761883206 0.800000011920929 0.73333332935969 0.688888880941603 0.600000023841858 0.555555568801032 0.5 0.422222226858139 0.388888895511627 0.300000011920929 0.266666675607363 0.200000002980232 0.144444446596834 0.100000001490116 0.100000001490116 0.100000001490116 0.100000001490116 0.100000001490116 0.100000001490116 0.100000001490116 0.100000001490116 0.100000001490116 0.100000001490116 0.100000001490116 0.100000001490116 0.100000001490116 0.100000001490116 0.100000001490116 0.100000001490116 0.100000001490116 0.100000001490116 0.100000001490116 0.100000001490116 0.100000001490116 0 0
1.8333332935969 1.78888885180155 1.70000004768372 1.63333336512248 1.57777779632144 1.5 1.43333331743876 1.37777774863773 1.29999995231628 1.23333334922791 1.1777778201633 1.10000002384186 1.03333334128062 0.977777772479587 0.899999976158142 0.833333333333333 0.788888898160722 0.699999988079071 0.64444445239173 0.600000023841858 0.511111113760206 0.466666668653488 0.400000005960464 0.333333343267441 0.300000011920929 0.200000002980232 0.177777780426873 0.100000001490116 0.100000001490116 0.100000001490116 0.100000001490116 0.100000001490116 0.100000001490116 0.100000001490116 0.100000001490116 0.100000001490116 0.100000001490116 0.100000001490116 0.100000001490116 0.100000001490116 0.100000001490116 0.100000001490116 0.100000001490116 0.100000001490116 0.100000001490116 0.100000001490116 0.100000001490116 0.100000001490116 0.100000001490116 0.100000001490116
1.89999997615814 1.8222221798367 1.76666665077209 1.70000004768372 1.61111113760206 1.55555556880103 1.48888888623979 1.41111108991835 1.35555552111732 1.28888885180155 1.21111114819845 1.14444447888268 1.08888891008165 1 0.944444431198968 0.888888869020674 0.800000011920929 0.744444443119897 0.688888880941603 0.600000023841858 0.555555568801032 0.5 0.411111116409302 0.366666674613953 0.300000011920929 0.233333339293798 0.200000002980232 0.100000001490116 0.100000001490116 0.100000001490116 0.100000001490116 0.100000001490116 0.100000001490116 0.100000001490116 0.100000001490116 0.100000001490116 0.100000001490116 0.100000001490116 0.100000001490116 0.100000001490116 0.100000001490116 0.100000001490116 0.100000001490116 0.100000001490116 0.100000001490116 0.100000001490116 0.100000001490116 0.100000001490116 0.100000001490116 0.100000001490116
1.96666665871938 1.88888886239794 1.81111106607649 1.74444444974264 1.68888893392351 1.60000002384186 1.53333334128062 1.47777777247959 1.39999997615814 1.3222221798367 1.26666665077209 1.20000004768372 1.11111113760206 1.05555556880103 0.988888886239794 0.911111089918349 0.844444440470801 0.788888898160722 0.699999988079071 0.64444445239173 0.588888910081651 0.5 0.444444447755814 0.400000005960464 0.300000011920929 0.255555563502842 0.200000002980232 0.133333335320155 0.100000001490116 0.100000001490116 0.100000001490116 0.100000001490116 0.100000001490116 0.100000001490116 0.100000001490116 0.100000001490116 0.100000001490116 0.100000001490116 0.100000001490116 0.100000001490116 0.100000001490116 0.100000001490116 0.100000001490116 0.100000001490116 0.100000001490116 0.100000001490116 0.100000001490116 0.100000001490116 0.100000001490116 0.100000001490116
2.01111110051473 1.93333331743876 1.87777774863773 1.79999995231628 1.72222224871318 1.6666667064031 1.58888891008165 1.51111111376021 1.44444443119897 1.38888886239794 1.29999995231628 1.23333334922791 1.1777778201633 1.10000002384186 1.01111111376021 0.955555544959174 0.899999976158142 0.811111119058397 0.744444443119897 0.688888880941603 0.600000023841858 0.544444455040826 0.488888889551163 0.400000005960464 0.333333343267441 0.288888899816407 0.200000002980232 0.133333335320155 0.100000001490116 0.100000001490116 0.100000001490116 0.100000001490116 0.100000001490116 0.100000001490116 0.100000001490116 0.100000001490116 0.100000001490116 0.100000001490116 0.100000001490116 0.100000001490116 0.100000001490116 0.100000001490116 0.100000001490116 0.100000001490116 0.100000001490116 0.100000001490116 0.100000001490116 0.100000001490116 0.100000001490116 0.100000001490116
2.07777770360311 2 1.92222220367856 1.85555552111732 1.78888885180155 1.71111114819845 1.63333336512248 1.57777779632144 1.5 1.41111108991835 1.35555552111732 1.28888885180155 1.20000004768372 1.13333336512248 1.07777779632144 1 0.911111089918349 0.85555554760827 0.788888898160722 0.699999988079071 0.64444445239173 0.577777796321445 0.5 0.422222226858139 0.366666674613953 0.300000011920929 0.200000002980232 0.155555557873514 0.100000001490116 0.100000001490116 0.100000001490116 0.100000001490116 0.100000001490116 0.100000001490116 0.100000001490116 0.100000001490116 0.100000001490116 0.100000001490116 0.100000001490116 0.100000001490116 0.100000001490116 0.100000001490116 0.100000001490116 0.100000001490116 0.100000001490116 0.100000001490116 0.100000001490116 0.100000001490116 0.100000001490116 0.100000001490116
2.12222215864393 2.05555550257365 1.98888888623979 1.91111108991835 1.8333332935969 1.76666665077209 1.68888893392351 1.61111113760206 1.54444445504083 1.47777777247959 1.39999997615814 1.3222221798367 1.25555555025736 1.18888893392351 1.10000002384186 1.02222222752041 0.977777772479587 0.899999976158142 0.811111119058397 0.744444443119897 0.677777773804135 0.600000023841858 0.522222227520413 0.455555558204651 0.400000005960464 0.300000011920929 0.233333339293798 0.166666669150194 0.100000001490116 0.100000001490116 0.100000001490116 0.100000001490116 0.100000001490116 0.100000001490116 0.100000001490116 0.100000001490116 0.100000001490116 0.100000001490116 0.100000001490116 0.100000001490116 0.100000001490116 0.100000001490116 0.100000001490116 0.100000001490116 0.100000001490116 0.100000001490116 0.100000001490116 0.100000001490116 0.100000001490116 0.100000001490116
2.18888892067803 2.11111103163825 2.03333330154419 1.96666665871938 1.88888886239794 1.81111106607649 1.73333334922791 1.6777778201633 1.60000002384186 1.51111111376021 1.44444443119897 1.37777774863773 1.29999995231628 1.21111114819845 1.15555559264289 1.08888891008165 1 0.922222203678555 0.85555554760827 0.788888898160722 0.699999988079071 0.622222238116794 0.555555568801032 0.488888889551163 0.400000005960464 0.333333343267441 0.266666675607363 0.200000002980232 0.100000001490116 0.100000001490116 0.100000001490116 0.100000001490116 0.100000001490116 0.100000001490116 0.100000001490116 0.100000001490116 0.100000001490116 0.100000001490116 0.100000001490116 0.100000001490116 0.100000001490116 0.100000001490116 0.100000001490116 0.100000001490116 0.100000001490116 0.100000001490116 0.100000001490116 0.100000001490116 0.100000001490116 0.100000001490116
2.23333334922791 2.17777779367235 2.09999990463257 2.01111110051473 1.94444443119897 1.87777774863773 1.79999995231628 1.71111114819845 1.64444447888268 1.57777779632144 1.5 1.41111108991835 1.34444440735711 1.27777775128682 1.20000004768372 1.11111113760206 1.04444445504083 0.977777772479587 0.899999976158142 0.811111119058397 0.744444443119897 0.666666666666667 0.600000023841858 0.5 0.433333337306976 0.355555564165115 0.288888899816407 0.200000002980232 0.122222224043475 0.100000001490116 0.100000001490116 0.100000001490116 0.100000001490116 0.100000001490116 0.100000001490116 0.100000001490116 0.100000001490116 0.100000001490116 0.100000001490116 0.100000001490116 0.100000001490116 0.100000001490116 0.100000001490116 0.100000001490116 0.100000001490116 0.100000001490116 0.100000001490116 0.100000001490116 0.100000001490116 0.100000001490116
2.29999995231628 2.22222224871318 2.15555553966098 2.08888880411784 2 1.91111108991835 1.84444440735711 1.77777775128682 1.70000004768372 1.61111113760206 1.54444445504083 1.47777777247959 1.39999997615814 1.31111106607649 1.23333334922791 1.1666667064031 1.08888891008165 1 0.922222203678555 0.85555554760827 0.777777784400516 0.699999988079071 0.611111130979326 0.544444455040826 0.466666668653488 0.388888895511627 0.300000011920929 0.211111115084754 0.144444446596834 0.100000001490116 0.100000001490116 0.100000001490116 0.100000001490116 0.100000001490116 0.100000001490116 0.100000001490116 0.100000001490116 0.100000001490116 0.100000001490116 0.100000001490116 0.100000001490116 0.100000001490116 0.100000001490116 0.100000001490116 0.100000001490116 0.100000001490116 0.100000001490116 0.100000001490116 0.100000001490116 0.100000001490116
2.36666671435038 2.28888885180155 2.21111114819845 2.13333328564962 2.05555550257365 1.98888888623979 1.89999997615814 1.8222221798367 1.74444444974264 1.6777778201633 1.60000002384186 1.51111111376021 1.43333331743876 1.36666663487752 1.28888885180155 1.20000004768372 1.12222225136227 1.04444445504083 0.977777772479587 0.899999976158142 0.811111119058397 0.722222215599484 0.655555559529199 0.577777796321445 0.5 0.400000005960464 0.322222232818604 0.24444445139832 0.177777780426873 0.100000001490116 0.100000001490116 0.100000001490116 0.100000001490116 0.100000001490116 0.100000001490116 0.100000001490116 0.100000001490116 0.100000001490116 0.100000001490116 0.100000001490116 0.100000001490116 0.100000001490116 0.100000001490116 0.100000001490116 0.100000001490116 0.100000001490116 0.100000001490116 0.100000001490116 0.100000001490116 0.100000001490116
2.41111119588216 2.34444446033902 2.26666665077209 2.18888892067803 2.11111103163825 2.03333330154419 1.95555554495917 1.88888886239794 1.79999995231628 1.71111114819845 1.64444447888268 1.56666668256124 1.48888888623979 1.41111108991835 1.3222221798367 1.25555555025736 1.1777778201633 1.10000002384186 1.01111111376021 0.922222203678555 0.844444440470801 0.777777784400516 0.688888880941603 0.600000023841858 0.511111113760206 0.433333337306976 0.355555564165115 0.277777787711885 0.200000002980232 0.122222224043475 0.100000001490116 0.100000001490116 0.100000001490116 0.100000001490116 0.100000001490116 0.100000001490116 0.100000001490116 0.100000001490116 0.100000001490116 0.100000001490116 0.100000001490116 0.100000001490116 0.100000001490116 0.100000001490116 0.100000001490116 0.100000001490116 0.100000001490116 0.100000001490116 0.100000001490116 0.100000001490116
2.48888889948527 2.41111119588216 2.32222220632765 2.24444444974264 2.16666666666667 2.08888880411784 2.01111110051473 1.92222220367856 1.85555552111732 1.77777775128682 1.70000004768372 1.61111113760206 1.53333334128062 1.45555554495917 1.37777774863773 1.29999995231628 1.21111114819845 1.12222225136227 1.05555556880103 0.977777772479587 0.888888869020674 0.800000011920929 0.711111101839278 0.633333345254262 0.555555568801032 0.477777779102325 0.388888895511627 0.300000011920929 0.211111115084754 0.155555557873514 0.100000001490116 0.100000001490116 0.100000001490116 0.100000001490116 0.100000001490116 0.100000001490116 0.100000001490116 0.100000001490116 0.100000001490116 0.100000001490116 0.100000001490116 0.100000001490116 0.100000001490116 0.100000001490116 0.100000001490116 0.100000001490116 0.100000001490116 0.100000001490116 0.100000001490116 0.100000001490116
2.54444440205892 2.46666669845581 2.38888896836175 2.31111107932197 2.22222224871318 2.1444444126553 2.06666660308838 1.98888888623979 1.91111108991835 1.8222221798367 1.74444444974264 1.6666667064031 1.58888891008165 1.5 1.42222220367856 1.34444440735711 1.25555555025736 1.18888893392351 1.10000002384186 1.01111111376021 0.922222203678555 0.844444440470801 0.755555556880103 0.677777773804135 0.588888910081651 0.5 0.411111116409302 0.322222232818604 0.24444445139832 0.177777780426873 0.100000001490116 0.100000001490116 0.100000001490116 0.100000001490116 0.100000001490116 0.100000001490116 0.100000001490116 0.100000001490116 0.100000001490116 0.100000001490116 0.100000001490116 0.100000001490116 0.100000001490116 0.100000001490116 0.100000001490116 0.100000001490116 0.100000001490116 0.100000001490116 0.100000001490116 0.100000001490116
2.61111103163825 2.52222220102946 2.44444449742635 2.36666671435038 2.28888885180155 2.20000004768372 2.11111103163825 2.03333330154419 1.96666665871938 1.88888886239794 1.79999995231628 1.71111114819845 1.63333336512248 1.55555556880103 1.47777777247959 1.38888886239794 1.31111106607649 1.22222224871318 1.14444447888268 1.05555556880103 0.977777772479587 0.888888869020674 0.800000011920929 0.711111101839278 0.622222238116794 0.533333341280619 0.444444447755814 0.355555564165115 0.266666675607363 0.200000002980232 0.100000001490116 0.100000001490116 0.100000001490116 0.100000001490116 0.100000001490116 0.100000001490116 0.100000001490116 0.100000001490116 0.100000001490116 0.100000001490116 0.100000001490116 0.100000001490116 0.100000001490116 0.100000001490116 0.100000001490116 0.100000001490116 0.100000001490116 0.100000001490116 0.100000001490116 0.100000001490116
