Data/habitats/processed/crm-salt-marsh-corrected/crm 60x50 18s 485m - salt marsh corrected.asc
NCOLS 50 
NROWS 60 
XLLCORNER -83.25042 
YLLCORNER 29.09958 
CELLSIZE 0.005 
NODATA_value 0 
[rows 0 to 20 of 60, columns 0 to 46 of 50]
0.419444441795349 0.375 0.308333337306976 0.25277778506279 0.200000002980232 0.122222222387791 0.100000001490116 0.100000001490116 0.100000001490116 0.100000001490116 0.100000001490116 0.100000001490116 0.100000001490116 0.100000001490116 0.100000001490116 0 0.100000001490116 0 0 0 0 0 0 0 0 0 0 0 0 0 0 0 0 0 0 0 0 0 0 0 0 0 0 0.100000001490116 0.100000001490116 0.100000001490116 0
0.502777755260468 0.427777767181396 0.37777778506279 0.302777796983719 0.233333334326744 0.180555552244186 0.100000001490116 0.100000001490116 0.100000001490116 0.100000001490116 0.100000001490116 0.100000001490116 0.100000001490116 0.100000001490116 0.100000001490116 0.100000001490116 0 0 0 0 0 0 0 0 0 0 0 0 0 0 0 0 0 0 0 0 0 0 0 0 0 0 0.100000001490116 0.100000001490116 0 0 0
0.583333373069763 0.50555557012558 0.427777767181396 0.361111104488373 0.288888901472092 0.202777788043022 0.12777778506279 0.100000001490116 0.100000001490116 0.100000001490116 0.100000001490116 0.100000001490116 0.100000001490116 0.100000001490116 0.100000001490116 0.100000001490116 0.100000001490116 0.100000001490116 0 0 0 0 0 0 0 0 0 0 0 0 0 0 0 0 0 0 0 0 0 0 0 0.100000001490116 0.100000001490116 0 0 0 0
0.658333361148834 0.583333373069763 0.5 0.413888901472092 0.327777802944183 0.247222229838371 0.16388888657093 0.100000001490116 0.100000001490116 0.100000001490116 0.100000001490116 0.100000001490116 0.100000001490116 0.100000001490116 0.100000001490116 0.100000001490116 0.100000001490116 0.100000001490116 0 0 0 0 0 0 0 0 0 0 0 0 0 0 0 0 0 0 0 0 0 0.100000001490116 0.100000001490116 0.100000001490116 0.100000001490116 0 0 0 0
0.741666674613953 0.658333361148834 0.569444477558136 0.477777779102325 0.383333325386047 0.286111116409302 0.191666662693024 0.100000001490116 0.100000001490116 0.100000001490116 0.100000001490116 0.100000001490116 0.100000001490116 0.100000001490116 0.100000001490116 0.100000001490116 0.100000001490116 0.100000001490116 0 0 0 0 0 0 0 0 0 0 0 0 0 0 0 0 0 0 0 0.100000001490116 0.100000001490116 0.100000001490116 0.100000001490116 0.100000001490116 0 0 0 0 0
0.827777802944183 0.736111104488373 0.638888895511627 0.541666686534882 0.441666662693024 0.333333343267441 0.225000008940697 0.108333334326744 0.100000001490116 0.100000001490116 0.100000001490116 0.100000001490116 0.100000001490116 0.100000001490116 0.100000001490116 0.100000001490116 0.100000001490116 0.100000001490116 0.100000001490116 0 0 0 0 0 0 0 0 0 0 0 0 0 0 0 0 0 0.100000001490116 0.100000001490116 0.100000001490116 0 0 0 0 0 0 0 0
0.922222197055817 0.819444417953491 0.719444453716278 0.616666674613953 0.50555557012558 0.388888895511627 0.269444465637207 0.141666665673256 0.100000001490116 0.100000001490116 0.100000001490116 0.100000001490116 0.100000001490116 0.100000001490116 0.100000001490116 0.100000001490116 0.100000001490116 0.100000001490116 0.100000001490116 0.100000001490116 0 0 0 0 0 0 0 0 0 0 0 0 0 0 0 0 0.100000001490116 0.100000001490116 0 0 0 0 0 0 0 0 0
1.00833332538605 0.908333301544189 0.800000011920929 0.691666662693024 0.580555558204651 0.461111128330231 0.347222238779068 0.227777779102325 0.133333340287209 0.100000001490116 0.100000001490116 0.100000001490116 0.100000001490116 0.100000001490116 0.100000001490116 0.100000001490116 0.100000001490116 0.100000001490116 0.100000001490116 0.100000001490116 0.100000001490116 0 0 0 0 0 0 0 0 0 0 0 0 0 0 0 0.100000001490116 0.100000001490116 0 0 0 0 0 0 0 0 0
1.10833334922791 0.997222244739532 0.888888895511627 0.772222220897675 0.658333361148834 0.547222256660461 0.430555552244186 0.325000017881393 0.227777779102325 0.158333331346512 0.102777779102325 0.100000001490116 0.100000001490116 0.100000001490116 0.100000001490116 0.100000001490116 0.100000001490116 0.100000001490116 0.100000001490116 0.100000001490116 0.100000001490116 0 0 0 0 0 0 0 0 0 0 0 0 0 0 0.100000001490116 0.100000001490116 0.100000001490116 0 0 0 0 0 0 0 0 0
1.20555555820465 1.09166669845581 0.975000023841858 0.861111104488373 0.747222244739532 0.63055557012558 0.522222220897675 0.413888901472092 0.316666662693024 0.227777779102325 0.172222226858139 0.102777779102325 0.100000001490116 0.100000001490116 0.100000001490116 0.100000001490116 0.100000001490116 0.100000001490116 0.100000001490116 0.100000001490116 0.100000001490116 0.100000001490116 0 0 0 0 0 0 0 0 0 0 0 0 0 0.100000001490116 0.100000001490116 0.100000001490116 0.100000001490116 0 0 0 0 0 0 0 0
1.30555558204651 1.18888890743256 1.06944441795349 0.952777743339539 0.833333313465118 0.719444453716278 0.608333349227905 0.49722221493721 0.400000005960464 0.308333337306976 0.222222223877907 0.152777776122093 0.100000001490116 0.100000001490116 0.100000001490116 0.100000001490116 0.100000001490116 0.100000001490116 0.100000001490116 0.100000001490116 0.100000001490116 0.100000001490116 0.100000001490116 0 0 0 0 0 0 0 0 0 0 0 0 0.100000001490116 0.100000001490116 0.100000001490116 0.100000001490116 0 0 0 0 0 0 0 0
1.40555548667908 1.2861111164093 1.16666674613953 1.04722225666046 0.927777767181396 0.808333337306976 0.691666662693024 0.580555558204651 0.477777779102325 0.37777778506279 0.288888901472092 0.202777788043022 0.116666667163372 0.100000001490116 0.100000001490116 0.100000001490116 0.100000001490116 0.100000001490116 0.100000001490116 0.100000001490116 0.100000001490116 0.100000001490116 0 0.100000001490116 0 0 0 0 0 0 0 0 0 0.100000001490116 0.100000001490116 0.100000001490116 0.100000001490116 0.100000001490116 0 0 0 0 0 0 0 0 0
1.51388883590698 1.38611114025116 1.26388883590698 1.13888895511627 1.01388883590698 0.894444406032562 0.774999976158142 0.658333361148834 0.550000011920929 0.441666662693024 0.341666668653488 0.25 0.16388888657093 0.100000001490116 0.100000001490116 0.100000001490116 0.100000001490116 0.100000001490116 0.100000001490116 0.100000001490116 0.100000001490116 0.100000001490116 0 0 0 0 0 0 0 0.100000001490116 0.100000001490116 0.100000001490116 0.100000001490116 0.100000001490116 0.100000001490116 0.100000001490116 0 0 0 0 0 0 0 0 0 0 0
1.61944448947906 1.48888885974884 1.36388885974884 1.23333334922791 1.10833334922791 0.986111104488373 0.855555534362793 0.73888885974884 0.622222244739532 0.50555557012558 0.394444465637207 0.291666686534882 0.191666662693024 0.100000001490116 0.100000001490116 0.100000001490116 0.100000001490116 0.100000001490116 0.100000001490116 0.100000001490116 0.100000001490116 0.100000001490116 0 0 0 0 0 0 0.100000001490116 0.100000001490116 0.100000001490116 0.100000001490116 0.100000001490116 0.100000001490116 0 0 0 0 0 0 0 0 0 0 0 0 0
1.72500002384186 1.59444451332092 1.46111106872559 1.33055555820465 1.20000004768372 1.06944441795349 0.944444417953491 0.816666662693024 0.691666662693024 0.566666662693024 0.449999988079071 0.336111128330231 0.225000008940697 0.116666667163372 0.100000001490116 0.100000001490116 0.100000001490116 0.100000001490116 0.100000001490116 0.100000001490116 0.100000001490116 0.100000001490116 0.100000001490116 0.100000001490116 0 0 0 0.100000001490116 0.100000001490116 0.100000001490116 0.100000001490116 0.100000001490116 0.100000001490116 0 0 0 0 0 0 0 0 0 0 0 0 0 0
1.83611106872559 1.70000004768372 1.56111109256744 1.4277777671814 1.29444444179535 1.15833342075348 1.02499997615814 0.891666650772095 0.758333325386047 0.633333325386047 0.508333325386047 0.37777778506279 0.25833335518837 0.144444450736046 0.100000001490116 0.100000001490116 0.100000001490116 0.100000001490116 0.100000001490116 0.100000001490116 0.100000001490116 0.100000001490116 0.100000001490116 0.100000001490116 0.100000001490116 0.100000001490116 0.100000001490116 0.100000001490116 0.100000001490116 0.100000001490116 0 0 0 0 0 0 0 0 0 0 0 0 0 0 0 0 0
1.94999992847443 1.80833327770233 1.66944444179535 1.52777779102325 1.38888883590698 1.25 1.11111116409302 0.966666638851166 0.836111128330231 0.694444417953491 0.558333337306976 0.433333337306976 0.294444441795349 0.16666667163372 0.100000001490116 0.100000001490116 0.100000001490116 0.100000001490116 0.100000001490116 0.100000001490116 0.100000001490116 0.100000001490116 0.100000001490116 0.100000001490116 0.100000001490116 0.100000001490116 0.100000001490116 0.100000001490116 0.100000001490116 0 0 0 0 0 0 0 0 0 0 0 0 0 0 0 0 0 0
2.06388878822327 1.91944444179535 1.77499997615814 1.62777781486511 1.48333334922791 1.34166657924652 1.19444441795349 1.04999995231628 0.911111116409302 0.76111114025116 0.625 0.474999994039536 0.341666668653488 0.188888892531395 0.100000001490116 0.100000001490116 0.100000001490116 0.100000001490116 0.100000001490116 0.100000001490116 0.100000001490116 0.100000001490116 0.100000001490116 0.100000001490116 0.100000001490116 0.100000001490116 0.100000001490116 0.100000001490116 0.100000001490116 0 0 0 0 0 0 0 0 0 0 0 0 0 0 0 0 0 0
2.1777777671814 2.02777767181396 1.88055551052094 1.73055553436279 1.58333337306976 1.43333327770233 1.28333330154419 1.13888895511627 0.986111104488373 0.838888883590698 0.683333337306976 0.536111116409302 0.38055557012558 0.238888889551163 0.105555556714535 0.100000001490116 0.100000001490116 0.100000001490116 0.100000001490116 0.100000001490116 0.100000001490116 0.100000001490116 0.100000001490116 0.100000001490116 0.100000001490116 0.100000001490116 0.100000001490116 0.100000001490116 0.100000001490116 0 0 0 0 0 0 0.100000001490116 0 0 0 0 0 0 0 0 0 0 0
2.29444456100464 2.14722228050232 1.98888885974884 1.83611106872559 1.68333339691162 1.53333330154419 1.37777769565582 1.22222220897675 1.06388890743256 0.913888871669769 0.752777755260468 0.597222208976746 0.438888907432556 0.269444465637207 0.130555555224419 0.100000001490116 0.100000001490116 0.100000001490116 0.100000001490116 0.100000001490116 0.100000001490116 0.100000001490116 0.100000001490116 0.100000001490116 0.100000001490116 0.100000001490116 0.100000001490116 0.100000001490116 0.100000001490116 0.100000001490116 0.100000001490116 0.100000001490116 0.100000001490116 0.100000001490116 0 0.100000001490116 0 0 0 0 0 0 0 0 0 0 0
2.41388893127441 2.25555562973022 2.09999990463257 1.94444441795349 1.7861111164093 1.63055562973022 1.47222220897675 1.31388890743256 1.15277779102325 0.991666674613953 0.827777802944183 0.658333361148834 0.494444459676743 0.330555558204651 0.172222226858139 0.100000001490116 0.100000001490116 0.100000001490116 0.100000001490116 0.100000001490116 0.100000001490116 0.100000001490116 0.100000001490116 0.100000001490116 0.100000001490116 0.100000001490116 0.100000001490116 0.100000001490116 0.100000001490116 0.100000001490116 0.100000001490116 0.100000001490116 0.100000001490116 0.100000001490116 0.100000001490116 0.100000001490116 0.100000001490116 0 0 0 0 0 0 0 0 0 0
