Data/habitats/processed/crm-salt-marsh-corrected/crm 180x150 6s 162m - saltmarsh corrected.asc
NCOLS 150 
NROWS 180 
XLLCORNER -83.25042 
YLLCORNER 29.09958 
CELLSIZE 0.00166666666666667 
NODATA_value 0 
[rows 132 to 153 of 180, columns 51 to 101 of 150]
3.85000002384186 3.79999995231628 3.72500002384186 3.67500001192093 3.62499994039536 3.52499997615814 3.47500002384186 3.40000009536743 3.32499998807907 3.22500002384186 3.14999997615814 3.07499992847443 3 2.90000009536743 2.82499998807907 2.72500002384186 2.64999997615814 2.57499992847443 2.47500002384186 2.40000009536743 2.29999995231628 2.22500002384186 2.14999997615814 2.07499992847443 1.97499999403954 1.89999997615814 1.79999995231628 1.72500002384186 1.65000003576279 1.55000001192093 1.47499999403954 1.39999997615814 1.29999995231628 1.22500002384186 1.15000003576279 1.05000001192093 1 0.899999976158142 0.800000011920929 0.75 0.674999997019768 0.600000023841858 0.5 0.450000002980232 0.400000005960464 0.300000011920929 0.300000011920929 0.200000002980232 0.200000002980232 0.100000001490116 0.100000001490116
3.95000004768372 3.90000009536743 3.82499998807907 3.77499997615814 3.70000004768372 3.62499994039536 3.52499997615814 3.47500002384186 3.37500005960464 3.29999995231628 3.22500002384186 3.12499994039536 3.04999995231628 2.97500002384186 2.87500005960464 2.79999995231628 2.70000004768372 2.62499994039536 2.52499997615814 2.45000004768372 2.37500005960464 2.27499997615814 2.20000004768372 2.09999990463257 2 1.92499998211861 1.84999996423721 1.75 1.67500004172325 1.60000002384186 1.5 1.39999997615814 1.32499995827675 1.25 1.17500004172325 1.10000002384186 1 0.899999976158142 0.849999994039536 0.75 0.699999988079071 0.600000023841858 0.550000011920929 0.475000001490116 0.400000005960464 0.350000008940697 0.300000011920929 0.200000002980232 0.200000002980232 0.150000002235174 0.100000001490116
4.04999995231628 4 3.92500007152557 3.87500005960464 3.77499997615814 3.72500002384186 3.62499994039536 3.52499997615814 3.47500002384186 3.37500005960464 3.27499997615814 3.20000004768372 3.09999990463257 3.02499997615814 2.92500007152557 2.85000002384186 2.75 2.67500001192093 2.57499992847443 2.5 2.40000009536743 2.32499998807907 2.22500002384186 2.14999997615814 2.04999995231628 1.97499999403954 1.89999997615814 1.79999995231628 1.70000004768372 1.62500002980232 1.52500000596046 1.44999998807907 1.34999996423721 1.27499997615814 1.20000004768372 1.10000002384186 1.02500000596046 0.949999988079071 0.849999994039536 0.800000011920929 0.699999988079071 0.625000014901161 0.550000011920929 0.5 0.400000005960464 0.350000008940697 0.300000011920929 0.250000007450581 0.200000002980232 0.150000002235174 0.100000001490116
4.14999985694885 4.09999990463257 4.02499997615814 3.97500002384186 3.87500005960464 3.79999995231628 3.72500002384186 3.62499994039536 3.52499997615814 3.42500007152557 3.35000002384186 3.27499997615814 3.17500001192093 3.07499992847443 3 2.90000009536743 2.79999995231628 2.72500002384186 2.62499994039536 2.54999995231628 2.45000004768372 2.37500005960464 2.27499997615814 2.20000004768372 2.09999990463257 2 1.92499998211861 1.82499995827675 1.75 1.65000003576279 1.57500001788139 1.47499999403954 1.39999997615814 1.29999995231628 1.20000004768372 1.12500002980232 1.05000001192093 0.949999988079071 0.899999976158142 0.800000011920929 0.699999988079071 0.650000005960464 0.600000023841858 0.5 0.425000004470348 0.400000005960464 0.300000011920929 0.250000007450581 0.200000002980232 0.150000002235174 0.100000001490116
4.25 4.22499990463257 4.14999985694885 4.07499992847443 3.97500002384186 3.87500005960464 3.77499997615814 3.70000004768372 3.59999990463257 3.5 3.42500007152557 3.32499998807907 3.22500002384186 3.12499994039536 3.04999995231628 2.95000004768372 2.87500005960464 2.77499997615814 2.67500001192093 2.59999990463257 2.5 2.40000009536743 2.32499998807907 2.22500002384186 2.14999997615814 2.04999995231628 1.94999998807907 1.87499997019768 1.77499997615814 1.70000004768372 1.60000002384186 1.5 1.39999997615814 1.32499995827675 1.25 1.15000003576279 1.07500001788139 1 0.899999976158142 0.800000011920929 0.75 0.650000005960464 0.600000023841858 0.5 0.450000002980232 0.400000005960464 0.300000011920929 0.250000007450581 0.200000002980232 0.150000002235174 0.100000001490116
4.37500011920929 4.35000014305115 4.27500009536743 4.17499983310699 4.07499992847443 3.97500002384186 3.87500005960464 3.77499997615814 3.67500001192093 3.57499992847443 3.47500002384186 3.37500005960464 3.27499997615814 3.20000004768372 3.09999990463257 3 2.90000009536743 2.82499998807907 2.72500002384186 2.62499994039536 2.54999995231628 2.45000004768372 2.37500005960464 2.27499997615814 2.17500001192093 2.09999990463257 2 1.89999997615814 1.79999995231628 1.70000004768372 1.62500002980232 1.55000001192093 1.44999998807907 1.34999996423721 1.25 1.20000004768372 1.10000002384186 1 0.899999976158142 0.849999994039536 0.75 0.699999988079071 0.600000023841858 0.5 0.450000002980232 0.400000005960464 0.300000011920929 0.250000007450581 0.200000002980232 0.125000001862645 0.100000001490116
4.5 4.52499997615814 4.45000004768372 4.27499997615814 4.12499988079071 4.07499992847443 3.97500002384186 3.85000002384186 3.72500002384186 3.62499994039536 3.52499997615814 3.42500007152557 3.32499998807907 3.25 3.14999997615814 3.04999995231628 2.97500002384186 2.87500005960464 2.77499997615814 2.67500001192093 2.59999990463257 2.5 2.40000009536743 2.29999995231628 2.22500002384186 2.12499994039536 2.02499997615814 1.94999998807907 1.84999996423721 1.75 1.65000003576279 1.55000001192093 1.47499999403954 1.39999997615814 1.29999995231628 1.20000004768372 1.10000002384186 1.02500000596046 0.949999988079071 0.849999994039536 0.775000005960464 0.699999988079071 0.600000023841858 0.550000011920929 0.450000002980232 0.400000005960464 0.300000011920929 0.250000007450581 0.200000002980232 0.100000001490116 0.100000001490116
4.54999995231628 4.69999992847443 4.69999992847443 4.32499992847443 4.17499983310699 4.12499988079071 4.04999995231628 3.92500007152557 3.79999995231628 3.70000004768372 3.59999990463257 3.5 3.40000009536743 3.29999995231628 3.20000004768372 3.09999990463257 3 2.92500007152557 2.82499998807907 2.72500002384186 2.62499994039536 2.54999995231628 2.45000004768372 2.35000002384186 2.25 2.14999997615814 2.07499992847443 1.97499999403954 1.87499997019768 1.79999995231628 1.70000004768372 1.60000002384186 1.5 1.39999997615814 1.29999995231628 1.22500002384186 1.12500002980232 1.05000001192093 0.949999988079071 0.874999985098839 0.800000011920929 0.699999988079071 0.600000023841858 0.550000011920929 0.5 0.400000005960464 0.300000011920929 0.250000007450581 0.200000002980232 0.100000001490116 0.100000001490116
4.52499997615814 4.69999992847443 4.75 4.42500007152557 4.22499990463257 4.19999980926514 4.07499992847443 3.95000004768372 3.85000002384186 3.75 3.64999997615814 3.54999995231628 3.45000004768372 3.35000002384186 3.25 3.14999997615814 3.07499992847443 2.97500002384186 2.87500005960464 2.77499997615814 2.67500001192093 2.59999990463257 2.5 2.40000009536743 2.29999995231628 2.20000004768372 2.09999990463257 2 1.89999997615814 1.79999995231628 1.70000004768372 1.62500002980232 1.52500000596046 1.42499998211861 1.34999996423721 1.25 1.15000003576279 1.05000001192093 0.974999994039536 0.899999976158142 0.800000011920929 0.699999988079071 0.650000005960464 0.550000011920929 0.5 0.400000005960464 0.300000011920929 0.250000007450581 0.200000002980232 0.100000001490116 0.100000001490116
4.42500007152557 4.57499992847443 4.74999988079071 4.52499997615814 4.32500016689301 4.19999980926514 4.09999990463257 4 3.90000009536743 3.77499997615814 3.67500001192093 3.59999990463257 3.5 3.40000009536743 3.29999995231628 3.20000004768372 3.09999990463257 3.02499997615814 2.92500007152557 2.82499998807907 2.72500002384186 2.62499994039536 2.52499997615814 2.45000004768372 2.35000002384186 2.25 2.14999997615814 2.04999995231628 1.94999998807907 1.84999996423721 1.75 1.65000003576279 1.55000001192093 1.44999998807907 1.34999996423721 1.25 1.17500004172325 1.10000002384186 1 0.899999976158142 0.800000011920929 0.724999994039536 0.650000005960464 0.550000011920929 0.5 0.400000005960464 0.350000008940697 0.250000007450581 0.200000002980232 0.100000001490116 0.100000001490116
4.47500002384186 4.52499997615814 4.57499992847443 4.45000004768372 4.35000014305115 4.22499990463257 4.12499988079071 4.02499997615814 3.92500007152557 3.82499998807907 3.72500002384186 3.62499994039536 3.52499997615814 3.45000004768372 3.35000002384186 3.25 3.14999997615814 3.07499992847443 2.97500002384186 2.87500005960464 2.77499997615814 2.67500001192093 2.57499992847443 2.47500002384186 2.37500005960464 2.27499997615814 2.17500001192093 2.07499992847443 1.97499999403954 1.87499997019768 1.77499997615814 1.67500004172325 1.57500001788139 1.47499999403954 1.39999997615814 1.29999995231628 1.20000004768372 1.10000002384186 1 0.899999976158142 0.800000011920929 0.75 0.650000005960464 0.575000017881393 0.5 0.400000005960464 0.350000008940697 0.275000009685755 0.200000002980232 0.150000002235174 0.100000001490116
4.5 4.5 4.5 4.42500007152557 4.32500016689301 4.25 4.14999985694885 4.04999995231628 3.95000004768372 3.85000002384186 3.77499997615814 3.67500001192093 3.57499992847443 3.5 3.40000009536743 3.29999995231628 3.20000004768372 3.09999990463257 3.02499997615814 2.92500007152557 2.82499998807907 2.72500002384186 2.62499994039536 2.52499997615814 2.42500007152557 2.32499998807907 2.22500002384186 2.12499994039536 2 1.89999997615814 1.79999995231628 1.70000004768372 1.60000002384186 1.5 1.39999997615814 1.29999995231628 1.20000004768372 1.10000002384186 1 0.899999976158142 0.849999994039536 0.75 0.650000005960464 0.600000023841858 0.5 0.400000005960464 0.350000008940697 0.300000011920929 0.200000002980232 0.150000002235174 0.100000001490116
4.54999995231628 4.5 4.47500002384186 4.40000009536743 4.30000019073486 4.25 4.14999985694885 4.07499992847443 4 3.90000009536743 3.79999995231628 3.70000004768372 3.62499994039536 3.52499997615814 3.45000004768372 3.35000002384186 3.25 3.17500001192093 3.07499992847443 2.97500002384186 2.87500005960464 2.77499997615814 2.67500001192093 2.57499992847443 2.45000004768372 2.35000002384186 2.25 2.14999997615814 2.04999995231628 1.94999998807907 1.84999996423721 1.72500002384186 1.62500002980232 1.52500000596046 1.42499998211861 1.29999995231628 1.20000004768372 1.10000002384186 1.02500000596046 0.949999988079071 0.849999994039536 0.75 0.650000005960464 0.600000023841858 0.5 0.400000005960464 0.350000008940697 0.300000011920929 0.200000002980232 0.150000002235174 0.100000001490116
4.57499992847443 4.5 4.45000004768372 4.40000009536743 4.30000019073486 4.25 4.19999980926514 4.09999990463257 4 3.92500007152557 3.85000002384186 3.75 3.67500001192093 3.57499992847443 3.5 3.40000009536743 3.29999995231628 3.20000004768372 3.12499994039536 3.02499997615814 2.92500007152557 2.82499998807907 2.72500002384186 2.59999990463257 2.5 2.40000009536743 2.29999995231628 2.20000004768372 2.07499992847443 1.97499999403954 1.84999996423721 1.75 1.65000003576279 1.55000001192093 1.44999998807907 1.34999996423721 1.25 1.15000003576279 1.05000001192093 0.949999988079071 0.849999994039536 0.75 0.650000005960464 0.600000023841858 0.5 0.400000005960464 0.350000008940697 0.300000011920929 0.200000002980232 0.150000002235174 0.100000001490116
4.59999990463257 4.5 4.5 4.40000009536743 4.35000014305115 4.30000019073486 4.19999980926514 4.12499988079071 4.04999995231628 3.97500002384186 3.90000009536743 3.79999995231628 3.70000004768372 3.62499994039536 3.52499997615814 3.45000004768372 3.35000002384186 3.27499997615814 3.17500001192093 3.07499992847443 2.97500002384186 2.87500005960464 2.75 2.64999997615814 2.54999995231628 2.45000004768372 2.35000002384186 2.22500002384186 2.09999990463257 2 1.89999997615814 1.77499997615814 1.67500004172325 1.55000001192093 1.44999998807907 1.34999996423721 1.25 1.15000003576279 1.05000001192093 0.949999988079071 0.849999994039536 0.75 0.650000005960464 0.600000023841858 0.5 0.400000005960464 0.350000008940697 0.300000011920929 0.200000002980232 0.150000002235174 0.100000001490116
4.59999990463257 4.54999995231628 4.5 4.42500007152557 4.37500011920929 4.30000019073486 4.22499990463257 4.14999985694885 4.09999990463257 4 3.92500007152557 3.85000002384186 3.75 3.67500001192093 3.59999990463257 3.5 3.40000009536743 3.32499998807907 3.22500002384186 3.12499994039536 3.02499997615814 2.92500007152557 2.79999995231628 2.70000004768372 2.59999990463257 2.47500002384186 2.37500005960464 2.25 2.14999997615814 2.04999995231628 1.92499998211861 1.79999995231628 1.70000004768372 1.60000002384186 1.44999998807907 1.34999996423721 1.25 1.15000003576279 1.05000001192093 0.949999988079071 0.849999994039536 0.75 0.650000005960464 0.600000023841858 0.5 0.400000005960464 0.350000008940697 0.300000011920929 0.200000002980232 0.150000002235174 0.100000001490116
4.62499988079071 4.59999990463257 4.5 4.45000004768372 4.40000009536743 4.32500016689301 4.27500009536743 4.19999980926514 4.09999990463257 4.04999995231628 3.97500002384186 3.90000009536743 3.79999995231628 3.72500002384186 3.62499994039536 3.54999995231628 3.47500002384186 3.37500005960464 3.27499997615814 3.17500001192093 3.07499992847443 2.97500002384186 2.85000002384186 2.75 2.64999997615814 2.52499997615814 2.42500007152557 2.29999995231628 2.17500001192093 2.04999995231628 1.94999998807907 1.84999996423721 1.70000004768372 1.60000002384186 1.5 1.34999996423721 1.25 1.15000003576279 1.05000001192093 0.949999988079071 0.849999994039536 0.75 0.650000005960464 0.600000023841858 0.5 0.400000005960464 0.350000008940697 0.300000011920929 0.200000002980232 0.150000002235174 0.100000001490116
4.67499983310699 4.59999990463257 4.54999995231628 4.5 4.40000009536743 4.37500011920929 4.30000019073486 4.22499990463257 4.14999985694885 4.09999990463257 4 3.92500007152557 3.85000002384186 3.77499997615814 3.70000004768372 3.59999990463257 3.52499997615814 3.42500007152557 3.32499998807907 3.22500002384186 3.12499994039536 3.02499997615814 2.92500007152557 2.79999995231628 2.67500001192093 2.57499992847443 2.45000004768372 2.35000002384186 2.22500002384186 2.09999990463257 1.97499999403954 1.84999996423721 1.75 1.62500002980232 1.5 1.39999997615814 1.25 1.15000003576279 1.05000001192093 0.949999988079071 0.849999994039536 0.75 0.650000005960464 0.575000017881393 0.5 0.400000005960464 0.350000008940697 0.300000011920929 0.200000002980232 0.150000002235174 0.100000001490116
4.69999980926514 4.62499988079071 4.59999990463257 4.5 4.47500002384186 4.40000009536743 4.32500016689301 4.27500009536743 4.19999980926514 4.09999990463257 4.04999995231628 3.97500002384186 3.90000009536743 3.82499998807907 3.72500002384186 3.67500001192093 3.57499992847443 3.47500002384186 3.37500005960464 3.27499997615814 3.17500001192093 3.07499992847443 2.95000004768372 2.85000002384186 2.75 2.62499994039536 2.5 2.37500005960464 2.25 2.12499994039536 2 1.87499997019768 1.75 1.65000003576279 1.5 1.39999997615814 1.25 1.15000003576279 1.05000001192093 0.949999988079071 0.849999994039536 0.75 0.650000005960464 0.550000011920929 0.5 0.400000005960464 0.325000010430813 0.300000011920929 0.200000002980232 0.150000002235174 0.100000001490116
4.69999980926514 4.67499983310699 4.59999990463257 4.54999995231628 4.5 4.42500007152557 4.37500011920929 4.30000019073486 4.22499990463257 4.17499983310699 4.09999990463257 4.02499997615814 3.95000004768372 3.87500005960464 3.79999995231628 3.72500002384186 3.62499994039536 3.52499997615814 3.45000004768372 3.35000002384186 3.25 3.12499994039536 3.02499997615814 2.90000009536743 2.77499997615814 2.64999997615814 2.54999995231628 2.42500007152557 2.27499997615814 2.14999997615814 2.04999995231628 1.89999997615814 1.75 1.65000003576279 1.55000001192093 1.39999997615814 1.25 1.15000003576279 1.05000001192093 0.949999988079071 0.825000002980232 0.724999994039536 0.650000005960464 0.550000011920929 0.450000002980232 0.400000005960464 0.300000011920929 0.250000007450581 0.200000002980232 0.150000002235174 0.100000001490116
4.75 4.69999980926514 4.64999985694885 4.59999990463257 4.52499997615814 4.47500002384186 4.40000009536743 4.32500016689301 4.27500009536743 4.19999980926514 4.12499988079071 4.07499992847443 4 3.92500007152557 3.87500005960464 3.77499997615814 3.70000004768372 3.59999990463257 3.5 3.42500007152557 3.29999995231628 3.17500001192093 3.07499992847443 2.95000004768372 2.82499998807907 2.70000004768372 2.57499992847443 2.45000004768372 2.32499998807907 2.17500001192093 2.04999995231628 1.94999998807907 1.79999995231628 1.65000003576279 1.55000001192093 1.39999997615814 1.25 1.15000003576279 1.05000001192093 0.924999982118607 0.800000011920929 0.699999988079071 0.600000023841858 0.5 0.450000002980232 0.375000007450581 0.300000011920929 0.250000007450581 0.200000002980232 0.150000002235174 0.100000001490116
4.80000019073486 4.72499990463257 4.69999980926514 4.62499988079071 4.57499992847443 4.5 4.42500007152557 4.37500011920929 4.30000019073486 4.25 4.19999980926514 4.09999990463257 4.07499992847443 4 3.90000009536743 3.82499998807907 3.77499997615814 3.67500001192093 3.57499992847443 3.47500002384186 3.37500005960464 3.25 3.12499994039536 3.02499997615814 2.87500005960464 2.75 2.62499994039536 2.47500002384186 2.35000002384186 2.22500002384186 2.07499992847443 1.94999998807907 1.79999995231628 1.65000003576279 1.55000001192093 1.39999997615814 1.25 1.15000003576279 1.05000001192093 0.899999976158142 0.800000011920929 0.674999997019768 0.600000023841858 0.5 0.400000005960464 0.325000010430813 0.300000011920929 0.200000002980232 0.200000002980232 0.125000001862645 0.100000001490116
