Data/habitats/processed/crm-salt-marsh-corrected/crm 60x50 18s 485m - saltmarsh corrected.asc
NCOLS 50 
NROWS 60 
XLLCORNER -83.25042 
YLLCORNER 29.09958 
CELLSIZE 0.005 
NODATA_value 0 
[rows 0 to 20 of 60, columns 0 to 46 of 50]
0.419444449245930 0.375000007450581 0.308333344757557 0.252777785476711 0.200000002980232 0.122222224043475 0.100000001490116 0.100000001490116 0.100000001490116 0.100000001490116 0.100000001490116 0.100000001490116 0.100000001490116 0.100000001490116 0.100000001490116 0 0.100000001490116 0 0 0 0 0 0 0 0 0 0 0 0 0 0 0 0 0 0 0 0 0 0 0 0 0 0 0.100000001490116 0.100000001490116 0.100000001490116 0
0.502777779267894 0.427777782082558 0.37777778506279 0.302777789533138 0.233333339293798 0.180555558246043 0.100000001490116 0.100000001490116 0.100000001490116 0.100000001490116 0.100000001490116 0.100000001490116 0.100000001490116 0.100000001490116 0.100000001490116 0.100000001490116 0 0 0 0 0 0 0 0 0 0 0 0 0 0 0 0 0 0 0 0 0 0 0 0 0 0 0.100000001490116 0.100000001490116 0 0 0
0.583333353201548 0.505555557707945 0.427777782082558 0.361111119389534 0.288888899816407 0.202777781006363 0.127777779681815 0.100000001490116 0.100000001490116 0.100000001490116 0.100000001490116 0.100000001490116 0.100000001490116 0.100000001490116 0.100000001490116 0.100000001490116 0.100000001490116 0.100000001490116 0 0 0 0 0 0 0 0 0 0 0 0 0 0 0 0 0 0 0 0 0 0 0 0.100000001490116 0.100000001490116 0 0 0 0
0.658333336313566 0.583333353201548 0.500000001655685 0.413888894021511 0.327777788043022 0.24722222942445 0.163888891331024 0.100000001490116 0.100000001490116 0.100000001490116 0.100000001490116 0.100000001490116 0.100000001490116 0.100000001490116 0.100000001490116 0.100000001490116 0.100000001490116 0.100000001490116 0 0 0 0 0 0 0 0 0 0 0 0 0 0 0 0 0 0 0 0 0 0.100000001490116 0.100000001490116 0.100000001490116 0.100000001490116 0 0 0 0
0.741666664679845 0.658333336313566 0.56944446100129 0.477777779102325 0.383333340287209 0.286111121790277 0.191666669522723 0.100000001490116 0.100000001490116 0.100000001490116 0.100000001490116 0.100000001490116 0.100000001490116 0.100000001490116 0.100000001490116 0.100000001490116 0.100000001490116 0.100000001490116 0 0 0 0 0 0 0 0 0 0 0 0 0 0 0 0 0 0 0 0.100000001490116 0.100000001490116 0.100000001490116 0.100000001490116 0.100000001490116 0 0 0 0 0
0.827777779764599 0.736111107799742 0.638888898822996 0.541666676600774 0.441666670143604 0.333333343267441 0.225000005215406 0.108333334947626 0.100000001490116 0.100000001490116 0.100000001490116 0.100000001490116 0.100000001490116 0.100000001490116 0.100000001490116 0.100000001490116 0.100000001490116 0.100000001490116 0.100000001490116 0 0 0 0 0 0 0 0 0 0 0 0 0 0 0 0 0 0.100000001490116 0.100000001490116 0.100000001490116 0 0 0 0 0 0 0 0
0.922222205334239 0.819444447755814 0.719444438815117 0.616666682892375 0.50555555936363 0.388888895511627 0.269444453219573 0.141666668777665 0.100000001490116 0.100000001490116 0.100000001490116 0.100000001490116 0.100000001490116 0.100000001490116 0.100000001490116 0.100000001490116 0.100000001490116 0.100000001490116 0.100000001490116 0.100000001490116 0 0 0 0 0 0 0 0 0 0 0 0 0 0 0 0 0.100000001490116 0.100000001490116 0 0 0 0 0 0 0 0 0
1.00833333532015 0.908333316445351 0.800000005298191 0.691666662693024 0.580555573105812 0.46111111342907 0.347222231328487 0.227777783448497 0.133333335320155 0.100000001490116 0.100000001490116 0.100000001490116 0.100000001490116 0.100000001490116 0.100000001490116 0.100000001490116 0.100000001490116 0.100000001490116 0.100000001490116 0.100000001490116 0.100000001490116 0 0 0 0 0 0 0 0 0 0 0 0 0 0 0 0.100000001490116 0.100000001490116 0 0 0 0 0 0 0 0 0
1.10833335916201 0.997222221559948 0.888888873987728 0.772222225864728 0.658333336313566 0.547222233480877 0.430555559694767 0.325000010016892 0.227777783241537 0.158333335692684 0.102777779309286 0.100000001490116 0.100000001490116 0.100000001490116 0.100000001490116 0.100000001490116 0.100000001490116 0.100000001490116 0.100000001490116 0.100000001490116 0.100000001490116 0 0 0 0 0 0 0 0 0 0 0 0 0 0 0.100000001490116 0.100000001490116 0.100000001490116 0 0 0 0 0 0 0 0 0
1.2055555846956 1.0916666885217 0.974999994039536 0.861111101177004 0.747222221559948 0.630555566814211 0.522222228348255 0.413888894021511 0.316666677180264 0.227777783241537 0.172222224788533 0.102777779309286 0.100000001490116 0.100000001490116 0.100000001490116 0.100000001490116 0.100000001490116 0.100000001490116 0.100000001490116 0.100000001490116 0.100000001490116 0.100000001490116 0 0 0 0 0 0 0 0 0 0 0 0 0 0.100000001490116 0.100000001490116 0.100000001490116 0.100000001490116 0 0 0 0 0 0 0 0
1.30555552244186 1.1888889239894 1.06944446100129 0.952777766519123 0.833333331677649 0.719444440470801 0.608333349227905 0.497222224871318 0.400000005960464 0.308333344343636 0.222222227189276 0.152777780054344 0.100000001490116 0.100000001490116 0.100000001490116 0.100000001490116 0.100000001490116 0.100000001490116 0.100000001490116 0.100000001490116 0.100000001490116 0.100000001490116 0.100000001490116 0 0 0 0 0 0 0 0 0 0 0 0 0.100000001490116 0.100000001490116 0.100000001490116 0.100000001490116 0 0 0 0 0 0 0 0
1.40555553303825 1.28611108660698 1.16666670309173 1.04722223348088 0.927777762214343 0.808333337306976 0.691666662693024 0.580555573105812 0.477777779930168 0.37777778506279 0.288888899816407 0.202777781006363 0.116666668405135 0.100000001490116 0.100000001490116 0.100000001490116 0.100000001490116 0.100000001490116 0.100000001490116 0.100000001490116 0.100000001490116 0.100000001490116 0 0.100000001490116 0 0 0 0 0 0 0 0 0 0.100000001490116 0.100000001490116 0.100000001490116 0.100000001490116 0.100000001490116 0 0 0 0 0 0 0 0 0
1.51388889220026 1.38611108395788 1.26388887895478 1.13888892200258 1.01388889220026 0.894444429212146 0.77500000430478 0.658333336313566 0.550000011920929 0.441666670143604 0.341666676104069 0.250000007450581 0.163888891331024 0.100000001490116 0.100000001490116 0.100000001490116 0.100000001490116 0.100000001490116 0.100000001490116 0.100000001490116 0.100000001490116 0.100000001490116 0 0 0 0 0 0 0 0.100000001490116 0.100000001490116 0.100000001490116 0.100000001490116 0.100000001490116 0.100000001490116 0.100000001490116 0 0 0 0 0 0 0 0 0 0 0
1.61944447292222 1.48888888623979 1.36388885643747 1.23333334591654 1.10833335916201 0.986111107799742 0.85555554760827 0.738888886239794 0.62222223646111 0.505555558535788 0.394444450736046 0.291666677428616 0.191666669522723 0.100000001490116 0.100000001490116 0.100000001490116 0.100000001490116 0.100000001490116 0.100000001490116 0.100000001490116 0.100000001490116 0.100000001490116 0 0 0 0 0 0 0.100000001490116 0.100000001490116 0.100000001490116 0.100000001490116 0.100000001490116 0.100000001490116 0 0 0 0 0 0 0 0 0 0 0 0 0
1.72500001390775 1.59444446696175 1.46111110183928 1.33055551846822 1.20000003112687 1.06944446100129 0.944444431198968 0.816666669315762 0.691666662693024 0.566666682561239 0.450000002980232 0.33611112087965 0.225000005215406 0.116666668405135 0.100000001490116 0.100000001490116 0.100000001490116 0.100000001490116 0.100000001490116 0.100000001490116 0.100000001490116 0.100000001490116 0.100000001490116 0.100000001490116 0 0 0 0.100000001490116 0.100000001490116 0.100000001490116 0.100000001490116 0.100000001490116 0.100000001490116 0 0 0 0 0 0 0 0 0 0 0 0 0 0
1.83611107534832 1.7000000278155 1.56111112568114 1.42777776055866 1.29444441861577 1.15833336777157 1.02500000596046 0.891666652427779 0.758333335320155 0.633333345254262 0.508333337803682 0.37777778506279 0.258333341528972 0.144444446596834 0.100000001490116 0.100000001490116 0.100000001490116 0.100000001490116 0.100000001490116 0.100000001490116 0.100000001490116 0.100000001490116 0.100000001490116 0.100000001490116 0.100000001490116 0.100000001490116 0.100000001490116 0.100000001490116 0.100000001490116 0.100000001490116 0 0 0 0 0 0 0 0 0 0 0 0 0 0 0 0 0
1.9499999847677 1.80833330419328 1.66944447822041 1.52777778440052 1.38888886239794 1.25 1.11111113760206 0.966666658719381 0.836111108462016 0.694444441133075 0.558333347241084 0.433333337306976 0.294444454626905 0.166666669150194 0.100000001490116 0.100000001490116 0.100000001490116 0.100000001490116 0.100000001490116 0.100000001490116 0.100000001490116 0.100000001490116 0.100000001490116 0.100000001490116 0.100000001490116 0.100000001490116 0.100000001490116 0.100000001490116 0.100000001490116 0 0 0 0 0 0 0 0 0 0 0 0 0 0 0 0 0 0
2.06388884120517 1.9194444252385 1.77499998609225 1.62777780824237 1.48333332935969 1.34166663222843 1.19444447424677 1.05000001192093 0.911111096541087 0.761111112104522 0.625000011589792 0.475000003145801 0.341666676104069 0.188888892324434 0.100000001490116 0.100000001490116 0.100000001490116 0.100000001490116 0.100000001490116 0.100000001490116 0.100000001490116 0.100000001490116 0.100000001490116 0.100000001490116 0.100000001490116 0.100000001490116 0.100000001490116 0.100000001490116 0.100000001490116 0 0 0 0 0 0 0 0 0 0 0 0 0 0 0 0 0 0
2.17777777380413 2.02777774135272 1.88055552707778 1.73055556747648 1.58333335320155 1.43333331743876 1.28333331478967 1.13888892200258 0.986111107799742 0.838888885246383 0.683333333995607 0.536111120548513 0.380555562674999 0.238888895346059 0.105555557128456 0.100000001490116 0.100000001490116 0.100000001490116 0.100000001490116 0.100000001490116 0.100000001490116 0.100000001490116 0.100000001490116 0.100000001490116 0.100000001490116 0.100000001490116 0.100000001490116 0.100000001490116 0.100000001490116 0 0 0 0 0 0 0.100000001490116 0 0 0 0 0 0 0 0 0 0 0
2.29444444179535 2.14722219440672 1.98888886968295 1.83611107865969 1.68333336379793 1.53333334128062 1.37777774863773 1.22222223877907 1.06388890412119 0.913888874981138 0.752777776784367 0.597222235467699 0.438888892531395 0.269444452805652 0.130555557500985 0.100000001490116 0.100000001490116 0.100000001490116 0.100000001490116 0.100000001490116 0.100000001490116 0.100000001490116 0.100000001490116 0.100000001490116 0.100000001490116 0.100000001490116 0.100000001490116 0.100000001490116 0.100000001490116 0.100000001490116 0.100000001490116 0.100000001490116 0.100000001490116 0.100000001490116 0 0.100000001490116 0 0 0 0 0 0 0 0 0 0 0
2.41388893789715 2.2555555568801 2.09999995099174 1.9444444278876 1.78611109322972 1.63055558668243 1.47222221559948 1.31388885776202 1.15277781089147 0.991666664679845 0.82777777645323 0.65833333796925 0.494444449742635 0.330555564827389 0.172222224995494 0.100000001490116 0.100000001490116 0.100000001490116 0.100000001490116 0.100000001490116 0.100000001490116 0.100000001490116 0.100000001490116 0.100000001490116 0.100000001490116 0.100000001490116 0.100000001490116 0.100000001490116 0.100000001490116 0.100000001490116 0.100000001490116 0.100000001490116 0.100000001490116 0.100000001490116 0.100000001490116 0.100000001490116 0.100000001490116 0 0 0 0 0 0 0 0 0 0
