Data/habitats/processed/crm-salt-marsh-corrected/crm 60x50 18s 485m - saltmarsh corrected.asc
NCOLS 50 
NROWS 60 
XLLCORNER -83.25042 
YLLCORNER 29.09958 
CELLSIZE 0.005 
NODATA_value 0 
[rows 21 to 41 of 60, columns 0 to 46 of 50]
2.53611108329561 2.37777781486511 2.21388889021344 2.04999995562765 1.89722219771809 1.73055556416512 1.56944446100129 1.4083333114783 1.24444444974264 1.07777779632144 0.908333321412404 0.736111111111111 0.561111122369766 0.383333340287209 0.222222227603197 0.100000001490116 0.100000001490116 0.100000001490116 0.100000001490116 0.100000001490116 0.100000001490116 0.100000001490116 0.100000001490116 0.100000001490116 0.100000001490116 0.100000001490116 0.100000001490116 0.100000001490116 0.100000001490116 0.100000001490116 0.100000001490116 0.100000001490116 0.100000001490116 0.100000001490116 0.100000001490116 0.100000001490116 0.100000001490116 0.100000001490116 0 0 0 0 0 0 0 0 0
2.65555553303825 2.49166667461395 2.3222222328186 2.16388887166977 2.0027777519491 1.8416666355398 1.67500002847777 1.50833333532015 1.3416666355398 1.16666669646899 0.991666664679845 0.816666662693024 0.630555563502841 0.436111114919186 0.250000007450581 0.111111112766796 0.100000001490116 0.100000001490116 0.100000001490116 0.100000001490116 0.100000001490116 0.100000001490116 0.100000001490116 0.100000001490116 0.100000001490116 0.100000001490116 0.100000001490116 0.100000001490116 0.100000001490116 0.100000001490116 0.100000001490116 0.100000001490116 0.100000001490116 0.100000001490116 0.100000001490116 0.100000001490116 0.100000001490116 0.100000001490116 0 0 0 0 0 0 0 0 0
2.7750000026491 2.60277773274316 2.44166670905219 2.27777777777778 2.11388884650336 1.94722220632765 1.7777777645323 1.61388891604212 1.44166665275892 1.27222221427494 1.09444446696175 0.908333321412404 0.713888891869121 0.502777785890632 0.277777785228358 0.100000001490116 0.100000001490116 0.100000001490116 0.100000001490116 0.100000001490116 0.100000001490116 0.100000001490116 0.100000001490116 0.100000001490116 0.100000001490116 0.100000001490116 0.100000001490116 0.100000001490116 0.100000001490116 0.100000001490116 0.100000001490116 0.100000001490116 0.100000001490116 0.100000001490116 0.100000001490116 0.100000001490116 0.100000001490116 0 0.100000001490116 0 0 0 0 0 0 0 0
2.891666703754 2.72222222222222 2.55277774069044 2.38611115349664 2.22222222222222 2.05833328763644 1.89166664083799 1.7222222354677 1.55277779036098 1.38055552707778 1.20000002119276 1.01388889220026 0.822222217917442 0.602777785725064 0.352777784069379 0.133333335527115 0.130555557500985 0.161111113511854 0.180555558246043 0.183333336065213 0.163888891331024 0.141666668777665 0.108333334947626 0.100000001490116 0.100000001490116 0.100000001490116 0.100000001490116 0.100000001490116 0.100000001490116 0.100000001490116 0.100000001490116 0.100000001490116 0.100000001490116 0.100000001490116 0.100000001490116 0.100000001490116 0.100000001490116 0.100000001490116 0 0 0 0 0 0 0 0 0
3.00277777512868 2.83055557145013 2.66388887166977 2.49722222487132 2.33055557145013 2.16944442854987 2.0027777519491 1.83888886041111 1.67222225003772 1.5 1.32222219639354 1.14444447225995 0.949999993046125 0.75 0.544444453385141 0.377777783821027 0.319444452722867 0.32777778721518 0.325000010430813 0.300000010265244 0.272222231659624 0.241666673372189 0.205555559032493 0.166666669150194 0.116666668405135 0.100000001490116 0.100000001490116 0.100000001490116 0.100000001490116 0.100000001490116 0.100000001490116 0.100000001490116 0.100000001490116 0.100000001490116 0.100000001490116 0.100000001490116 0.100000001490116 0 0 0 0 0 0 0 0 0 0
3.10833328962326 2.93888893392351 2.76944444576899 2.60277773274316 2.44444448418087 2.28333333465788 2.12222218513489 1.95555553833644 1.7944444252385 1.627777804931 1.45555554495917 1.28333331810104 1.10555558072196 0.927777770492766 0.763888888888889 0.627777783407105 0.544444454212983 0.500000006622738 0.46111111342907 0.436111114919186 0.394444450736046 0.350000008940697 0.308333344343636 0.258333341528972 0.211111115084754 0.163888891331024 0.111111112766796 0.100000001490116 0.100000001490116 0.100000001490116 0.100000001490116 0.100000001490116 0.100000001490116 0.100000001490116 0.100000001490116 0.100000001490116 0.100000001490116 0 0.100000001490116 0 0 0 0 0 0 0 0
3.20833333333333 3.03611107667287 2.87500003311369 2.71388889021344 2.55277773406771 2.39722226725684 2.23611111111111 2.08333328697416 1.9194444252385 1.76388888226615 1.59722224540181 1.43611109587881 1.27222221758631 1.1166666911708 0.969444440470801 0.847222215599484 0.75 0.683333335651292 0.630555565158526 0.569444457689921 0.527777785228358 0.466666668653488 0.413888894021511 0.358333341777325 0.305555566731426 0.24444445139832 0.197222225368023 0.144444446596834 0.100000001490116 0.100000001490116 0.100000001490116 0.100000001490116 0.100000001490116 0.100000001490116 0.100000001490116 0.100000001490116 0.100000001490116 0.100000001490116 0.100000001490116 0 0.100000001490116 0 0 0 0 0 0
3.29166666666667 3.13611108064651 2.97222224871318 2.81666666931576 2.66388887166977 2.51111110051473 2.35833336247338 2.20833333333333 2.05277773075634 1.89999997615814 1.73888889286253 1.58888891008165 1.43888887431886 1.29722220367856 1.15833336114883 1.04166667660077 0.947222212950389 0.861111104488373 0.786111111442248 0.727777775790956 0.655555559529199 0.594444460339016 0.530555562840568 0.46111111342907 0.400000005960464 0.333333343267441 0.277777787711885 0.213888893110885 0.177777780426873 0.111111112766796 0.100000001490116 0.100000001490116 0.100000001490116 0.100000001490116 0.100000001490116 0.100000001490116 0.100000001490116 0.100000001490116 0.100000001490116 0.100000001490116 0.100000001490116 0 0 0 0 0 0
3.37500003973643 3.21388889683617 3.06388883458243 2.91666671964857 2.76944443914625 2.62499996026357 2.47777779897054 2.33333335320155 2.1888888809416 2.0361110733615 1.88888886239794 1.75555555356873 1.61111113760206 1.47499999403954 1.34999997085995 1.23055556416512 1.12500002980232 1.03611111972067 0.952777766519123 0.872222211625841 0.797222225202454 0.72499999569522 0.647222229176097 0.572222237785657 0.500000002483527 0.425000004470348 0.355555564165115 0.291666677842538 0.216666671137015 0.191666669522723 0.111111112766796 0.100000001490116 0.100000001490116 0.100000001490116 0.100000001490116 0.100000001490116 0.100000001490116 0.100000001490116 0.100000001490116 0.100000001490116 0 0 0 0 0 0 0
3.44722227255503 3.29444442854987 3.15277775790956 3.01111110051473 2.87500003973643 2.73611111773385 2.599999944369 2.45833336644702 2.31944444444444 2.1888888809416 2.04444440205892 1.91111108991835 1.78055554297235 1.65000002914005 1.52222222752041 1.4083333114783 1.30277775393592 1.20555557807287 1.11388891604212 1.02500000596046 0.936111097534498 0.849999994039536 0.766666668984625 0.683333330684238 0.597222240434753 0.5138888930281 0.433333337306976 0.358333341777325 0.291666677842538 0.213888893110885 0.175000002607703 0.100000001490116 0.100000001490116 0.100000001490116 0.100000001490116 0.100000001490116 0.100000001490116 0.100000001490116 0.100000001490116 0.100000001490116 0.100000001490116 0 0 0 0 0 0
3.49444444974264 3.35833336909612 3.23611111773385 3.10833327637778 2.98055557409922 2.84722224871318 2.71944445371628 2.58888884385427 2.45833336644702 2.32777778969871 2.19444444444444 2.06666661964522 1.94166664944755 1.81666663951344 1.70000002119276 1.58333335320155 1.47499999403954 1.36944441331757 1.26944443583488 1.17222225334909 1.07500001788139 0.98333332935969 0.886111097203361 0.79166667163372 0.699999993046125 0.608333349227905 0.5138888930281 0.427777782082558 0.344444453716278 0.275000009685755 0.200000002980232 0.119444446224305 0.100000001490116 0.100000001490116 0.100000001490116 0.100000001490116 0.100000001490116 0.100000001490116 0.100000001490116 0.100000001490116 0.100000001490116 0.100000001490116 0 0 0 0 0
3.54444440205892 3.4361111720403 3.31666665607029 3.20277778969871 3.08055549860001 2.96111114819845 2.83888890345891 2.71944445371628 2.59722216924032 2.47222224871318 2.35000002384186 2.22222222222222 2.10277773274316 1.98333331280284 1.86666663818889 1.75277777844005 1.64166669713126 1.53055556284057 1.42499998211861 1.3222221897708 1.2166666885217 1.11111113760206 1.00833333532015 0.905555539660984 0.805555558866925 0.697222216261758 0.597222240434753 0.500000002483527 0.402777783572674 0.311111122369766 0.219444449163145 0.141666668777665 0.100000001490116 0.100000001490116 0.100000001490116 0.100000001490116 0.100000001490116 0.100000001490116 0.100000001490116 0.100000001490116 0.100000001490116 0 0 0 0 0 0
3.59166657924652 3.50833332538605 3.40833340088526 3.29999999205271 3.19166668256124 3.08055549860001 2.96111114819845 2.85000002384186 2.73055555423101 2.61666662163205 2.5 2.38333337174522 2.26666666401757 2.14999997615814 2.03333329823282 1.92222220367856 1.80277775393592 1.69722224606408 1.58333335320155 1.47222221559948 1.35833329955737 1.24166667130258 1.13333336512248 1.01944444908036 0.902777762876617 0.788888893193669 0.674999998675452 0.561111125681135 0.455555558204651 0.347222231328487 0.24444445139832 0.150000002235174 0.100000001490116 0.100000001490116 0.100000001490116 0.100000001490116 0.100000001490116 0.100000001490116 0.100000001490116 0.100000001490116 0.100000001490116 0.100000001490116 0 0 0 0 0
3.68333334392971 3.60555548800362 3.50833332538605 3.40833340088526 3.29999999205271 3.20000000794729 3.08888883060879 2.98055557409922 2.87500003973643 2.76388888888889 2.64999997615814 2.54166663355298 2.42777782678604 2.31388889418708 2.20277777645323 2.08611106210285 1.97499998079406 1.85555552442869 1.7388888961739 1.61944447292222 1.50277777844005 1.38055552707778 1.2611111038261 1.13333336512248 1.00277777844005 0.880555543634627 0.755555556880103 0.633333345254262 0.511111115415891 0.380555562674999 0.263888897581233 0.150000002235174 0.100000001490116 0.100000001490116 0.100000001490116 0.100000001490116 0.100000001490116 0.100000001490116 0.100000001490116 0.100000001490116 0.100000001490116 0 0 0 0 0 0
3.83333334657881 3.72777778572506 3.62499995364083 3.52499997615814 3.4250000582801 3.32222222619587 3.22222222884496 3.12222217851215 3.01666665077209 2.91111116276847 2.80555555555556 2.70000000132455 2.59722217586305 2.48055557409922 2.37222225136227 2.25833333200879 2.13888886239794 2.02222218778398 1.89999997615814 1.77499998609225 1.64444447557131 1.51111111376021 1.38055552707778 1.24722222487132 1.11111113760206 0.972222215599484 0.836111108462016 0.697222219573127 0.555555568801032 0.430555559694767 0.280555564910173 0.150000002235174 0.100000001490116 0.100000001490116 0.100000001490116 0.100000001490116 0.100000001490116 0.100000001490116 0.100000001490116 0.100000001490116 0.100000001490116 0 0 0 0 0 0
4.02777775128682 3.86944447623359 3.75833333200879 3.65833331478967 3.55833328432507 3.45833337306976 3.35833336247338 3.26111110713747 3.16388887829251 3.06666661633386 2.96388892332713 2.85833336247338 2.75833333200879 2.64999997615814 2.54166663355298 2.4277778201633 2.30833334392971 2.19166665607029 2.06111106938786 1.93333331412739 1.78888887166977 1.66388891802894 1.51111111376021 1.36944441331757 1.21944446033902 1.06666668256124 0.91666665342119 0.766666667328941 0.625000011589792 0.461111114256912 0.313888898326291 0.152777780054344 0.100000001490116 0.100000001490116 0.100000001490116 0.100000001490116 0.100000001490116 0.100000001490116 0.100000001490116 0.100000001490116 0.100000001490116 0 0 0 0 0 0
4.16944440205892 3.99166667461395 3.91111116276847 3.81111111243566 3.70833333995607 3.60833328300052 3.50833332538605 3.40833338763979 3.31388888756434 3.21666667196486 3.12222218513489 3.02499997615814 2.92500004503462 2.82500001457002 2.71666666534212 2.60555551449458 2.49166667461395 2.36388891935349 2.23055555423101 2.09166662560569 1.94722219970491 1.79444442192713 1.64166669713126 1.48888888623979 1.32777774665091 1.16388892134031 1.0055555568801 0.838888885246383 0.675000001986822 0.516666673951679 0.350000008940697 0.186111114712225 0.100000001490116 0.100000001490116 0.100000001490116 0.100000001490116 0.100000001490116 0.100000001490116 0.100000001490116 0.100000001490116 0 0 0 0 0 0 0
4.28055552641551 4.26388886239794 4.11388882001241 3.97777779897054 3.87222225136227 3.76944444576899 3.66111108991835 3.55833328432507 3.46388892332713 3.37222225798501 3.28333332803514 3.19166666269302 3.09999995761447 3.00277777512868 2.8972222606341 2.7916666732894 2.66944442854987 2.5444444153044 2.40833337439431 2.26388888888889 2.11111107137468 1.94722219970491 1.78611109654109 1.61388891604212 1.44166665275892 1.2666666607062 1.0916666885217 0.919444433516926 0.74166666633553 0.563888900809818 0.391666673123837 0.236111117526889 0.105555557128456 0.100000001490116 0.100000001490116 0.100000001490116 0.100000001490116 0.100000001490116 0.100000001490116 0.100000001490116 0.100000001490116 0 0 0 0 0 0
4.59444446033902 4.6666667064031 4.24722211890751 4.13055543104808 4.04999995231628 3.93611115217209 3.8166666759385 3.70833333995607 3.61666662163205 3.53611107667287 3.44722226593229 3.36388891935349 3.27777777777778 3.18333331743876 3.0833332935969 2.98055557409922 2.86388891273075 2.73333332935969 2.59166663222843 2.44166670242945 2.27222223414315 2.10555552111732 1.92499997880724 1.74444444643127 1.56111112568114 1.36944441331757 1.18333335717519 0.991666664679845 0.805555553899871 0.622222231494056 0.444444447755814 0.263888897167312 0.130555557500985 0.100000001490116 0.100000001490116 0.100000001490116 0.100000001490116 0.100000001490116 0.100000001490116 0.100000001490116 0.100000001490116 0 0 0 0 0 0
4.55833327770233 4.43611109256744 4.46944443384806 4.28333336777157 4.23611109786563 4.1111110051473 3.96666669845581 3.85833336247338 3.76388888226615 3.68611111243566 3.61666662163205 3.53611107667287 3.45555559131834 3.37222225136227 3.28333334128062 3.18055554231008 3.06388885445065 2.93333336379793 2.78333334128062 2.62499997350905 2.44166670242945 2.26944445239173 2.07777774002817 1.88055553038915 1.67777780029509 1.48055555091964 1.28055554628372 1.07777779632144 0.874999993377262 0.672222226858139 0.475000004801485 0.297222231411272 0.144444446596834 0.100000001490116 0.100000001490116 0.100000001490116 0.100000001490116 0.100000001490116 0.100000001490116 0.100000001490116 0 0.100000001490116 0.100000001490116 0 0 0 0
4.5555554760827 4.65833334128062 4.29722225003772 4.46666670507855 4.4527778228124 4.233333296246 4.07777770360311 3.98333334922791 3.91388894451989 3.85000002384186 3.77499999602636 3.71111110846202 3.63888886239794 3.56666662295659 3.48611112435659 3.39166669050852 3.27777778440052 3.14722219440672 2.99444444974264 2.82500001457002 2.63333330551783 2.43333335717519 2.2249999973509 2.01666663421525 1.80277776055866 1.58888891008165 1.372222195069 1.15555558270878 0.944444436166022 0.730555557542377 0.519444454047415 0.316666675110658 0.125000001862645 0.100000001490116 0.100000001490116 0.100000001490116 0.100000001490116 0.100000001490116 0.100000001490116 0.100000001490116 0.100000001490116 0.100000001490116 0.100000001490116 0 0 0 0
