Data/habitats/processed/crm-salt-marsh-corrected/crm 60x50 18s 485m - salt marsh corrected.asc
NCOLS 50 
NROWS 60 
XLLCORNER -83.25042 
YLLCORNER 29.09958 
CELLSIZE 0.005 
NODATA_value 0 
[rows 21 to 41 of 60, columns 0 to 46 of 50]
2.5361111164093 2.37777781486511 2.2138888835907 2.04999995231628 1.89722216129303 1.73055553436279 1.56944441795349 1.40833330154419 1.24444448947906 1.07777774333954 0.908333301544189 0.736111104488373 0.561111092567444 0.383333325386047 0.222222223877907 0.100000001490116 0.100000001490116 0.100000001490116 0.100000001490116 0.100000001490116 0.100000001490116 0.100000001490116 0.100000001490116 0.100000001490116 0.100000001490116 0.100000001490116 0.100000001490116 0.100000001490116 0.100000001490116 0.100000001490116 0.100000001490116 0.100000001490116 0.100000001490116 0.100000001490116 0.100000001490116 0.100000001490116 0.100000001490116 0.100000001490116 0 0 0 0 0 0 0 0 0
2.65555548667908 2.49166679382324 2.3222222328186 2.16388893127441 2.00277781486511 1.84166657924652 1.67500007152557 1.50833332538605 1.34166657924652 1.16666674613953 0.991666674613953 0.816666662693024 0.63055557012558 0.436111122369766 0.25 0.111111111938953 0.100000001490116 0.100000001490116 0.100000001490116 0.100000001490116 0.100000001490116 0.100000001490116 0.100000001490116 0.100000001490116 0.100000001490116 0.100000001490116 0.100000001490116 0.100000001490116 0.100000001490116 0.100000001490116 0.100000001490116 0.100000001490116 0.100000001490116 0.100000001490116 0.100000001490116 0.100000001490116 0.100000001490116 0.100000001490116 0 0 0 0 0 0 0 0 0
2.77500009536743 2.60277771949768 2.44166660308838 2.27777767181396 2.11388874053955 1.9472222328186 1.77777779102325 1.61388885974884 1.44166660308838 1.27222216129303 1.09444451332092 0.908333301544189 0.713888883590698 0.502777814865112 0.277777791023254 0.100000001490116 0.100000001490116 0.100000001490116 0.100000001490116 0.100000001490116 0.100000001490116 0.100000001490116 0.100000001490116 0.100000001490116 0.100000001490116 0.100000001490116 0.100000001490116 0.100000001490116 0.100000001490116 0.100000001490116 0.100000001490116 0.100000001490116 0.100000001490116 0.100000001490116 0.100000001490116 0.100000001490116 0.100000001490116 0 0.100000001490116 0 0 0 0 0 0 0 0
2.89166665077209 2.72222232818604 2.5527777671814 2.38611125946045 2.22222232818604 2.05833339691162 1.89166665077209 1.72222220897675 1.5527777671814 1.38055551052094 1.20000004768372 1.01388883590698 0.822222232818604 0.602777779102325 0.352777779102325 0.133333340287209 0.130555555224419 0.161111116409302 0.180555552244186 0.183333337306976 0.16388888657093 0.141666665673256 0.108333334326744 0.100000001490116 0.100000001490116 0.100000001490116 0.100000001490116 0.100000001490116 0.100000001490116 0.100000001490116 0.100000001490116 0.100000001490116 0.100000001490116 0.100000001490116 0.100000001490116 0.100000001490116 0.100000001490116 0.100000001490116 0 0 0 0 0 0 0 0 0
3.00277781486511 2.83055567741394 2.66388893127441 2.49722218513489 2.33055567741394 2.16944432258606 2.00277781486511 1.8388888835907 1.67222225666046 1.5 1.3222222328186 1.14444446563721 0.949999988079071 0.75 0.544444441795349 0.37777778506279 0.319444447755814 0.327777773141861 0.325000017881393 0.300000011920929 0.272222220897675 0.241666674613953 0.205555558204651 0.16666667163372 0.116666667163372 0.100000001490116 0.100000001490116 0.100000001490116 0.100000001490116 0.100000001490116 0.100000001490116 0.100000001490116 0.100000001490116 0.100000001490116 0.100000001490116 0.100000001490116 0.100000001490116 0 0 0 0 0 0 0 0 0 0
3.10833334922791 2.93888902664185 2.76944446563721 2.60277771949768 2.44444441795349 2.28333330154419 2.12222218513489 1.95555555820465 1.79444444179535 1.62777781486511 1.45555555820465 1.28333330154419 1.10555553436279 0.927777767181396 0.763888895511627 0.627777755260468 0.544444441795349 0.5 0.461111128330231 0.436111122369766 0.394444465637207 0.350000023841858 0.308333337306976 0.25833335518837 0.21111111342907 0.16388888657093 0.111111111938953 0.100000001490116 0.100000001490116 0.100000001490116 0.100000001490116 0.100000001490116 0.100000001490116 0.100000001490116 0.100000001490116 0.100000001490116 0.100000001490116 0 0.100000001490116 0 0 0 0 0 0 0 0
3.20833325386047 3.0361111164093 2.875 2.7138888835907 2.5527777671814 2.39722228050232 2.23611116409302 2.08333325386047 1.91944444179535 1.76388883590698 1.59722220897675 1.43611109256744 1.27222216129303 1.11666667461395 0.969444453716278 0.847222208976746 0.75 0.683333337306976 0.63055557012558 0.569444477558136 0.527777791023254 0.466666668653488 0.413888901472092 0.358333349227905 0.305555552244186 0.244444444775581 0.197222232818604 0.144444450736046 0.100000001490116 0.100000001490116 0.100000001490116 0.100000001490116 0.100000001490116 0.100000001490116 0.100000001490116 0.100000001490116 0.100000001490116 0.100000001490116 0.100000001490116 0 0.100000001490116 0 0 0 0 0 0
3.29166674613953 3.13611102104187 2.97222232818604 2.81666660308838 2.66388893127441 2.51111102104187 2.35833334922791 2.20833325386047 2.0527777671814 1.89999997615814 1.73888885974884 1.5888888835907 1.43888890743256 1.29722225666046 1.15833330154419 1.04166662693024 0.947222232818604 0.861111104488373 0.786111116409302 0.727777779102325 0.655555546283722 0.594444453716278 0.530555546283722 0.461111128330231 0.400000005960464 0.333333343267441 0.277777791023254 0.213888898491859 0.177777782082558 0.111111111938953 0.100000001490116 0.100000001490116 0.100000001490116 0.100000001490116 0.100000001490116 0.100000001490116 0.100000001490116 0.100000001490116 0.100000001490116 0.100000001490116 0.100000001490116 0 0 0 0 0 0
3.375 3.2138888835907 3.06388878822327 2.91666674613953 2.76944446563721 2.625 2.47777771949768 2.33333325386047 2.18888878822327 2.0361111164093 1.88888883590698 1.75555551052094 1.61111116409302 1.47500002384186 1.35000002384186 1.23055553436279 1.125 1.0361111164093 0.952777743339539 0.872222185134888 0.797222197055817 0.725000023841858 0.647222220897675 0.572222232818604 0.5 0.425000011920929 0.355555564165115 0.291666686534882 0.216666668653488 0.191666662693024 0.111111111938953 0.100000001490116 0.100000001490116 0.100000001490116 0.100000001490116 0.100000001490116 0.100000001490116 0.100000001490116 0.100000001490116 0.100000001490116 0 0 0 0 0 0 0
3.4472222328186 3.29444432258606 3.15277767181396 3.01111102104187 2.875 2.73611116409302 2.59999990463257 2.45833325386047 2.31944441795349 2.18888878822327 2.04444432258606 1.9111111164093 1.78055548667908 1.64999997615814 1.52222228050232 1.40833330154419 1.3027777671814 1.20555555820465 1.11388885974884 1.02499997615814 0.936111092567444 0.850000023841858 0.766666650772095 0.683333337306976 0.59722226858139 0.513888895511627 0.433333337306976 0.358333349227905 0.291666686534882 0.213888898491859 0.174999997019768 0.100000001490116 0.100000001490116 0.100000001490116 0.100000001490116 0.100000001490116 0.100000001490116 0.100000001490116 0.100000001490116 0.100000001490116 0.100000001490116 0 0 0 0 0 0
3.49444437026978 3.35833334922791 3.23611116409302 3.10833334922791 2.98055553436279 2.84722232818604 2.71944451332092 2.5888888835907 2.45833325386047 2.32777786254883 2.19444441795349 2.06666660308838 1.94166660308838 1.81666660308838 1.70000004768372 1.58333337306976 1.47500002384186 1.36944437026978 1.26944446563721 1.17222225666046 1.07500004768372 0.983333349227905 0.886111080646515 0.791666686534882 0.699999988079071 0.608333349227905 0.513888895511627 0.427777767181396 0.344444453716278 0.275000005960464 0.200000002980232 0.119444444775581 0.100000001490116 0.100000001490116 0.100000001490116 0.100000001490116 0.100000001490116 0.100000001490116 0.100000001490116 0.100000001490116 0.100000001490116 0.100000001490116 0 0 0 0 0
3.54444432258606 3.43611121177673 3.31666660308838 3.20277786254883 3.08055543899536 2.96111106872559 2.8388888835907 2.71944451332092 2.59722208976746 2.47222232818604 2.34999990463257 2.22222232818604 2.10277771949768 1.98333334922791 1.86666667461395 1.75277781486511 1.64166665077209 1.53055560588837 1.42499995231628 1.3222222328186 1.21666669845581 1.11111116409302 1.00833332538605 0.905555546283722 0.805555582046509 0.697222232818604 0.59722226858139 0.5 0.402777791023254 0.311111122369766 0.219444453716278 0.141666665673256 0.100000001490116 0.100000001490116 0.100000001490116 0.100000001490116 0.100000001490116 0.100000001490116 0.100000001490116 0.100000001490116 0.100000001490116 0 0 0 0 0 0
3.59166669845581 3.50833320617676 3.40833330154419 3.29999995231628 3.19166660308838 3.08055543899536 2.96111106872559 2.84999990463257 2.73055553436279 2.61666655540466 2.5 2.38333344459534 2.26666665077209 2.15000009536743 2.03333330154419 1.92222225666046 1.8027777671814 1.6972222328186 1.58333337306976 1.47222220897675 1.35833334922791 1.24166667461395 1.13333332538605 1.01944446563721 0.902777791023254 0.788888871669769 0.675000011920929 0.561111152172089 0.455555558204651 0.347222238779068 0.244444444775581 0.150000005960464 0.100000001490116 0.100000001490116 0.100000001490116 0.100000001490116 0.100000001490116 0.100000001490116 0.100000001490116 0.100000001490116 0.100000001490116 0.100000001490116 0 0 0 0 0
3.68333339691162 3.60555553436279 3.50833320617676 3.40833330154419 3.29999995231628 3.20000004768372 3.0888888835907 2.98055553436279 2.875 2.76388883590698 2.65000009536743 2.54166674613953 2.4277777671814 2.31388878822327 2.20277786254883 2.08611106872559 1.97500002384186 1.85555553436279 1.73888885974884 1.61944448947906 1.50277781486511 1.38055551052094 1.26111114025116 1.13333332538605 1.00277781486511 0.88055557012558 0.75555557012558 0.633333325386047 0.51111114025116 0.38055557012558 0.263888895511627 0.150000005960464 0.100000001490116 0.100000001490116 0.100000001490116 0.100000001490116 0.100000001490116 0.100000001490116 0.100000001490116 0.100000001490116 0.100000001490116 0 0 0 0 0 0
3.83333325386047 3.72777771949768 3.625 3.52500009536743 3.42499995231628 3.3222222328186 3.22222232818604 3.12222218513489 3.01666665077209 2.9111111164093 2.80555558204651 2.70000004768372 2.59722208976746 2.48055553436279 2.37222218513489 2.25833344459534 2.13888883590698 2.02222228050232 1.89999997615814 1.77499997615814 1.64444446563721 1.51111114025116 1.38055551052094 1.24722218513489 1.11111116409302 0.972222208976746 0.836111128330231 0.697222232818604 0.555555582046509 0.430555552244186 0.280555576086044 0.150000005960464 0.100000001490116 0.100000001490116 0.100000001490116 0.100000001490116 0.100000001490116 0.100000001490116 0.100000001490116 0.100000001490116 0.100000001490116 0 0 0 0 0 0
4.02777767181396 3.86944437026978 3.75833344459534 3.65833330154419 3.55833339691162 3.45833349227905 3.35833334922791 3.26111102104187 3.16388893127441 3.06666660308838 2.9638888835907 2.85833334922791 2.75833344459534 2.65000009536743 2.54166674613953 2.4277777671814 2.30833339691162 2.19166660308838 2.06111097335815 1.93333327770233 1.78888893127441 1.66388893127441 1.51111114025116 1.36944437026978 1.21944451332092 1.06666672229767 0.916666626930237 0.766666650772095 0.625 0.461111128330231 0.313888907432556 0.152777776122093 0.100000001490116 0.100000001490116 0.100000001490116 0.100000001490116 0.100000001490116 0.100000001490116 0.100000001490116 0.100000001490116 0.100000001490116 0 0 0 0 0 0
4.16944456100464 3.99166679382324 3.9111111164093 3.81111121177673 3.70833325386047 3.60833334922791 3.50833320617676 3.40833330154419 3.31388878822327 3.21666669845581 3.12222218513489 3.02500009536743 2.92499995231628 2.82500004768372 2.71666669845581 2.60555553436279 2.49166679382324 2.36388897895813 2.23055553436279 2.09166669845581 1.9472222328186 1.79444444179535 1.64166665077209 1.48888885974884 1.32777774333954 1.16388893127441 1.00555551052094 0.838888883590698 0.675000011920929 0.516666650772095 0.350000023841858 0.186111107468605 0.100000001490116 0.100000001490116 0.100000001490116 0.100000001490116 0.100000001490116 0.100000001490116 0.100000001490116 0.100000001490116 0 0 0 0 0 0 0
4.28055572509766 4.26388883590698 4.11388874053955 3.97777771949768 3.87222218513489 3.76944446563721 3.6611111164093 3.55833339691162 3.4638888835907 3.37222218513489 3.28333330154419 3.19166660308838 3.09999990463257 3.00277781486511 2.89722228050232 2.79166674613953 2.66944432258606 2.54444432258606 2.40833330154419 2.26388883590698 2.11111116409302 1.9472222328186 1.7861111164093 1.61388885974884 1.44166660308838 1.26666665077209 1.09166669845581 0.919444441795349 0.741666674613953 0.563888907432556 0.391666680574417 0.236111119389534 0.105555556714535 0.100000001490116 0.100000001490116 0.100000001490116 0.100000001490116 0.100000001490116 0.100000001490116 0.100000001490116 0.100000001490116 0 0 0 0 0 0
4.59444427490234 4.66666650772095 4.24722194671631 4.13055562973022 4.05000019073486 3.93611121177673 3.81666660308838 3.70833325386047 3.61666655540466 3.5361111164093 3.4472222328186 3.36388897895813 3.27777767181396 3.18333339691162 3.08333325386047 2.98055553436279 2.86388897895813 2.73333334922791 2.59166669845581 2.44166660308838 2.27222228050232 2.10555553436279 1.92499995231628 1.74444448947906 1.56111109256744 1.36944437026978 1.18333339691162 0.991666674613953 0.805555582046509 0.622222244739532 0.444444447755814 0.263888895511627 0.130555555224419 0.100000001490116 0.100000001490116 0.100000001490116 0.100000001490116 0.100000001490116 0.100000001490116 0.100000001490116 0.100000001490116 0 0 0 0 0 0
4.55833339691162 4.43611097335815 4.46944427490234 4.28333330154419 4.23611116409302 4.11111116409302 3.96666669845581 3.85833334922791 3.76388883590698 3.68611121177673 3.61666655540466 3.5361111164093 3.45555567741394 3.37222218513489 3.28333330154419 3.18055558204651 3.06388878822327 2.93333339691162 2.78333330154419 2.625 2.44166660308838 2.26944446563721 2.07777762413025 1.88055551052094 1.6777777671814 1.48055553436279 1.28055548667908 1.07777774333954 0.875 0.672222256660461 0.474999994039536 0.297222226858139 0.144444450736046 0.100000001490116 0.100000001490116 0.100000001490116 0.100000001490116 0.100000001490116 0.100000001490116 0.100000001490116 0 0.100000001490116 0.100000001490116 0 0 0 0
4.55555534362793 4.65833330154419 4.29722213745117 4.46666669845581 4.45277786254883 4.23333311080933 4.07777786254883 3.98333334922791 3.91388893127441 3.84999990463257 3.77500009536743 3.71111106872559 3.63888883590698 3.56666660308838 3.48611116409302 3.39166665077209 3.27777767181396 3.14722228050232 2.99444437026978 2.82500004768372 2.63333320617676 2.43333339691162 2.22499990463257 2.01666665077209 1.8027777671814 1.5888888835907 1.37222218513489 1.15555560588837 0.944444417953491 0.730555534362793 0.519444465637207 0.316666662693024 0.125 0.100000001490116 0.100000001490116 0.100000001490116 0.100000001490116 0.100000001490116 0.100000001490116 0.100000001490116 0.100000001490116 0.100000001490116 0.100000001490116 0 0 0 0
