Data/habitats/processed/crm-salt-marsh-corrected/crm 72x60 15s 404m.asc
NCOLS 60 
NROWS 72 
XLLCORNER -83.25042 
YLLCORNER 29.09958 
CELLSIZE 0.00416666666666667 
NODATA_value 0 
[rows 0 to 20 of 72, columns 0 to 47 of 60]
0.412000005245209 0.38800000667572 0.320000010728836 0.296000011563301 0.220000004768372 0.200000002980232 0.120000001788139 0.100000001490116 0.100000001490116 0.100000001490116 0.100000001490116 0.100000001490116 0.100000001490116 0.100000001490116 0.100000001490116 0.100000001490116 0.100000001490116 0 0 0 0 0 0 0 0 0 0 0 0 0 0 0 0 0 0 0 0 0 0 0 0 0 0 0 0 0 0 0
0.496000000238419 0.424000004529953 0.396000006198883 0.316000010967255 0.288000010848045 0.208000003695488 0.180000002682209 0.100000001490116 0.100000001490116 0.100000001490116 0.100000001490116 0.100000001490116 0.100000001490116 0.100000001490116 0.100000001490116 0.100000001490116 0.100000001490116 0.100000001490116 0 0 0 0 0 0 0 0 0 0 0 0 0 0 0 0 0 0 0 0 0 0 0 0 0 0 0 0 0 0
0.55600001335144 0.496000000238419 0.424000004529953 0.38800000667572 0.308000011444092 0.264000008702278 0.200000002980232 0.132000001966953 0.100000001490116 0.100000001490116 0.100000001490116 0.100000001490116 0.100000001490116 0.100000001490116 0.100000001490116 0.100000001490116 0.100000001490116 0.100000001490116 0.100000001490116 0 0 0 0 0 0 0 0 0 0 0 0 0 0 0 0 0 0 0 0 0 0 0 0 0 0 0 0 0
0.612000019550323 0.560000014305115 0.496000000238419 0.420000004768372 0.368000007867813 0.300000011920929 0.220000004768372 0.172000002563 0.100000001490116 0.100000001490116 0.100000001490116 0.100000001490116 0.100000001490116 0.100000001490116 0.100000001490116 0.100000001490116 0.100000001490116 0.100000001490116 0.100000001490116 0.100000001490116 0 0 0 0 0 0 0 0 0 0 0 0 0 0 0 0 0 0 0 0 0 0 0 0 0 0 0 0
0.687999992370605 0.612000019550323 0.552000012397766 0.488000000715256 0.404000005722046 0.33200001001358 0.268000009059906 0.200000002980232 0.108000001609325 0.100000001490116 0.100000001490116 0.100000001490116 0.100000001490116 0.100000001490116 0.100000001490116 0.100000001490116 0.100000001490116 0.100000001490116 0.100000001490116 0.100000001490116 0.100000001490116 0 0 0 0 0 0 0 0 0 0 0 0 0 0 0 0 0 0 0 0 0 0 0 0 0 0.100000001490116 0.100000001490116
0.760000002384186 0.687999992370605 0.612000019550323 0.532000007629394 0.460000002384186 0.384000006914139 0.300000011920929 0.208000003695488 0.132000001966953 0.100000001490116 0.100000001490116 0.100000001490116 0.100000001490116 0.100000001490116 0.100000001490116 0.100000001490116 0.100000001490116 0.100000001490116 0.100000001490116 0.100000001490116 0.100000001490116 0.100000001490116 0 0 0 0 0 0 0 0 0 0 0 0 0 0 0 0 0 0 0 0 0 0 0.100000001490116 0.100000001490116 0.100000001490116 0.100000001490116
0.82400000333786 0.756000001430511 0.67599999666214 0.596000020503998 0.512000002861023 0.424000004529953 0.336000009775162 0.248000007271767 0.148000002205372 0.100000001490116 0.100000001490116 0.100000001490116 0.100000001490116 0.100000001490116 0.100000001490116 0.100000001490116 0.100000001490116 0.100000001490116 0.100000001490116 0.100000001490116 0.100000001490116 0.100000001490116 0 0 0 0 0 0 0 0 0 0 0 0 0 0 0 0 0 0 0 0 0 0.100000001490116 0.100000001490116 0.100000001490116 0.100000001490116 0
0.907999980449677 0.82400000333786 0.739999997615814 0.656000003814697 0.572000017166138 0.480000001192093 0.384000006914139 0.284000010490417 0.176000002622604 0.100000001490116 0.100000001490116 0.100000001490116 0.100000001490116 0.100000001490116 0.100000001490116 0.100000001490116 0.100000001490116 0.100000001490116 0.100000001490116 0.100000001490116 0.100000001490116 0.100000001490116 0.100000001490116 0 0 0 0 0 0 0 0 0 0 0 0 0 0 0 0 0 0 0 0 0.100000001490116 0.100000001490116 0.100000001490116 0 0
0.979999995231628 0.891999981403351 0.80800000667572 0.719999992847443 0.628000013828278 0.540000009536743 0.440000003576279 0.344000009298325 0.240000006556511 0.140000002086163 0.100000001490116 0.100000001490116 0.100000001490116 0.100000001490116 0.100000001490116 0.100000001490116 0.100000001490116 0.100000001490116 0.100000001490116 0.100000001490116 0.100000001490116 0.100000001490116 0.100000001490116 0.100000001490116 0 0 0 0 0 0 0 0 0 0 0 0 0 0 0 0 0 0 0 0.100000001490116 0.100000001490116 0.100000001490116 0 0
1.06000001430511 0.975999994277954 0.8799999833107 0.792000007629394 0.695999991893768 0.604000020027161 0.508000003099441 0.408000005483627 0.312000010609627 0.224000005125999 0.156000002324581 0.104000001549721 0.100000001490116 0.100000001490116 0.100000001490116 0.100000001490116 0.100000001490116 0.100000001490116 0.100000001490116 0.100000001490116 0.100000001490116 0.100000001490116 0.100000001490116 0.100000001490116 0 0 0 0 0 0 0 0 0 0 0 0 0 0 0 0 0 0 0.100000001490116 0.100000001490116 0.100000001490116 0.100000001490116 0 0
1.1400000333786 1.04800001144409 0.955999989509583 0.863999989032745 0.768000004291534 0.671999998092651 0.576000018119812 0.480000001192093 0.392000006437302 0.308000010848045 0.224000005125999 0.180000002682209 0.11200000166893 0.100000001490116 0.100000001490116 0.100000001490116 0.100000001490116 0.100000001490116 0.100000001490116 0.100000001490116 0.100000001490116 0.100000001490116 0.100000001490116 0.100000001490116 0.100000001490116 0 0 0 0 0 0 0 0 0 0 0 0 0 0 0 0 0 0.100000001490116 0.100000001490116 0.100000001490116 0.100000001490116 0 0
1.22400002479553 1.1240000295639 1.03200000762939 0.935999984741211 0.839999997615814 0.743999998569489 0.64800000667572 0.55600001335144 0.464000002145767 0.384000006914139 0.300000011324883 0.224000005125999 0.188000002801418 0.11200000166893 0.100000001490116 0.100000001490116 0.100000001490116 0.100000001490116 0.100000001490116 0.100000001490116 0.100000001490116 0.100000001490116 0.100000001490116 0.100000001490116 0.100000001490116 0.100000001490116 0 0 0 0 0 0 0 0 0 0 0 0 0 0 0 0 0.100000001490116 0.100000001490116 0.100000001490116 0.100000001490116 0 0
1.307999958992 1.20800003528595 1.11200002670288 1.01200000286102 0.915999982357025 0.816000003814697 0.723999993801117 0.624000015258789 0.532000007629394 0.448000003099442 0.376000007390976 0.296000011563301 0.220000004768372 0.176000002622604 0.100000001490116 0.100000001490116 0.100000001490116 0.100000001490116 0.100000001490116 0.100000001490116 0.100000001490116 0.100000001490116 0.100000001490116 0.100000001490116 0.100000001490116 0.100000001490116 0 0 0 0 0 0 0 0 0 0 0 0 0 0 0 0 0.100000001490116 0.100000001490116 0.100000001490116 0.100000001490116 0 0
1.39199997425079 1.29199996471405 1.192000041008 1.09200002193451 0.991999998092651 0.891999981403351 0.792000007629394 0.699999992847443 0.608000018596649 0.516000003814697 0.428000004291534 0.352000008821487 0.288000010848045 0.20400000333786 0.144000002145767 0.100000001490116 0.100000001490116 0.100000001490116 0.100000001490116 0.100000001490116 0.100000001490116 0.100000001490116 0.100000001490116 0.100000001490116 0.100000001490116 0.100000001490116 0 0 0 0 0 0 0 0 0 0 0 0 0 0 0 0.100000001490116 0.100000001490116 0.100000001490116 0.100000001490116 0 0 0
1.47999999523163 1.37999997138977 1.27199997901916 1.172000041008 1.06800001621246 0.967999992370606 0.867999987602234 0.772000005245209 0.671999998092651 0.584000020027161 0.496000001430511 0.408000005483627 0.320000010728836 0.252000007629395 0.192000002861023 0.104000001549721 0.100000001490116 0.100000001490116 0.100000001490116 0.100000001490116 0.100000001490116 0.100000001490116 0.100000001490116 0.100000001490116 0.100000001490116 0.100000001490116 0 0 0 0 0 0 0 0 0 0 0.100000001490116 0.100000001490116 0 0.100000001490116 0.100000001490116 0.100000001490116 0.100000001490116 0.100000001490116 0 0 0 0
1.56400001525879 1.45999999046326 1.35599996566772 1.25199999809265 1.14800003528595 1.04400001049042 0.94399998664856 0.839999997615814 0.739999997615814 0.64800000667572 0.552000012397766 0.460000002384186 0.376000007390976 0.296000011563301 0.20400000333786 0.132000001966953 0.100000001490116 0.100000001490116 0.100000001490116 0.100000001490116 0.100000001490116 0.100000001490116 0.100000001490116 0.100000001490116 0.100000001490116 0 0 0 0 0 0 0 0 0 0 0.100000001490116 0.100000001490116 0.100000001490116 0.100000001490116 0.100000001490116 0.100000001490116 0.100000001490116 0.100000001490116 0 0 0 0 0
1.6560000371933 1.54800001144409 1.43999998569489 1.33599996089935 1.22800002098084 1.12000002861023 1.0160000038147 0.911999981403351 0.80800000667572 0.707999992370606 0.608000018596649 0.512000002861023 0.41600000500679 0.324000010490417 0.240000006556511 0.156000002324581 0.100000001490116 0.100000001490116 0.100000001490116 0.100000001490116 0.100000001490116 0.100000001490116 0.100000001490116 0.100000001490116 0.100000001490116 0.100000001490116 0 0 0 0 0 0 0 0 0.100000001490116 0.100000001490116 0.100000001490116 0.100000001490116 0.100000001490116 0.100000001490116 0.100000001490116 0 0 0 0 0 0 0
1.74800000190735 1.63600003242493 1.52400000572205 1.41599997997284 1.3039999628067 1.1960000371933 1.08800002098083 0.983999996185303 0.871999986171722 0.768000004291534 0.664000000953674 0.564000015258789 0.464000002145767 0.368000007867813 0.272000009417534 0.184000002741814 0.100000001490116 0.100000001490116 0.100000001490116 0.100000001490116 0.100000001490116 0.100000001490116 0.100000001490116 0.100000001490116 0.100000001490116 0.100000001490116 0.100000001490116 0.100000001490116 0.100000001490116 0 0 0 0.100000001490116 0.100000001490116 0.100000001490116 0.100000001490116 0 0 0 0 0 0 0 0 0 0 0 0
1.83999996185303 1.72400002002716 1.61200002670288 1.5 1.38399997234344 1.27599997997284 1.16000003814697 1.05200001239777 0.939999985694885 0.832000000476837 0.723999993801117 0.616000018119812 0.516000003814697 0.408000005483627 0.308000011444092 0.208000003695488 0.11200000166893 0.100000001490116 0.100000001490116 0.100000001490116 0.100000001490116 0.100000001490116 0.100000001490116 0.100000001490116 0.100000001490116 0.100000001490116 0.100000001490116 0.100000001490116 0.100000001490116 0.100000001490116 0.100000001490116 0.100000001490116 0.100000001490116 0.100000001490116 0.100000001490116 0.100000001490116 0 0 0 0 0 0 0 0 0 0 0 0
1.93199998378754 1.81999996185303 1.7000000333786 1.58000001907349 1.46799999237061 1.35199996471405 1.24000000953674 1.1240000295639 1.00800000190735 0.891999983787537 0.780000004768372 0.664000000953674 0.55600001335144 0.448000003099442 0.340000009536743 0.232000005841255 0.136000002026558 0.100000001490116 0.100000001490116 0.100000001490116 0.100000001490116 0.100000001490116 0.100000001490116 0.100000001490116 0.100000001490116 0.100000001490116 0.100000001490116 0.100000001490116 0.100000001490116 0.100000001490116 0.100000001490116 0.100000001490116 0.100000001490116 0.100000001490116 0.100000001490116 0 0 0 0 0 0 0 0 0 0 0 0 0
2.02799996852875 1.90799997806549 1.78799997329712 1.67200003623962 1.55200001239777 1.43199998378754 1.31599996089935 1.19200003623962 1.07600001811981 0.955999989509583 0.843999996185303 0.723999993801117 0.612000017166138 0.49200000166893 0.372000007629395 0.26000000834465 0.148000002205372 0.100000001490116 0.100000001490116 0.100000001490116 0.100000001490116 0.100000001490116 0.100000001490116 0.100000001490116 0.100000001490116 0.100000001490116 0.100000001490116 0.100000001490116 0.100000001490116 0.100000001490116 0.100000001490116 0.100000001490116 0.100000001490116 0.100000001490116 0 0 0 0 0 0 0 0 0 0 0 0 0 0
