Data/habitats/processed/crm-salt-marsh-corrected/crm 180x150 6s 162m - saltmarsh corrected.asc
NCOLS 150 
NROWS 180 
XLLCORNER -83.25042 
YLLCORNER 29.09958 
CELLSIZE 0.00166666666666667 
NODATA_value 0 
[rows 154 to 175 of 180, columns 51 to 101 of 150]
4.80000019073486 4.77500009536743 4.69999980926514 4.67499983310699 4.59999990463257 4.54999995231628 4.5 4.40000009536743 4.35000014305115 4.30000019073486 4.19999980926514 4.17499983310699 4.09999990463257 4.02499997615814 3.97500002384186 3.90000009536743 3.82499998807907 3.72500002384186 3.64999997615814 3.54999995231628 3.42500007152557 3.32499998807907 3.17500001192093 3.04999995231628 2.95000004768372 2.79999995231628 2.64999997615814 2.54999995231628 2.37500005960464 2.25 2.12499994039536 1.94999998807907 1.84999996423721 1.70000004768372 1.55000001192093 1.39999997615814 1.25 1.15000003576279 1 0.874999985098839 0.75 0.650000005960464 0.550000011920929 0.450000002980232 0.375000007450581 0.300000011920929 0.250000007450581 0.200000002980232 0.175000002607703 0.100000001490116 0.100000001490116
4.85000014305115 4.80000019073486 4.77500009536743 4.69999980926514 4.67499983310699 4.59999990463257 4.5 4.45000004768372 4.40000009536743 4.30000019073486 4.27500009536743 4.19999980926514 4.17499983310699 4.09999990463257 4.02499997615814 3.97500002384186 3.90000009536743 3.82499998807907 3.72500002384186 3.62499994039536 3.52499997615814 3.37500005960464 3.25 3.12499994039536 2.97500002384186 2.85000002384186 2.72500002384186 2.54999995231628 2.45000004768372 2.27499997615814 2.14999997615814 1.97499999403954 1.84999996423721 1.70000004768372 1.55000001192093 1.39999997615814 1.25 1.15000003576279 0.974999994039536 0.849999994039536 0.75 0.625000014901161 0.5 0.400000005960464 0.325000010430813 0.275000009685755 0.200000002980232 0.175000002607703 0.100000001490116 0.100000001490116 0.100000001490116
4.90000009536743 4.82500016689301 4.80000019073486 4.77500009536743 4.69999980926514 4.62499988079071 4.54999995231628 4.5 4.40000009536743 4.35000014305115 4.30000019073486 4.27500009536743 4.19999980926514 4.17499983310699 4.12499988079071 4.07499992847443 3.97500002384186 3.90000009536743 3.82499998807907 3.72500002384186 3.57499992847443 3.47500002384186 3.32499998807907 3.17500001192093 3.04999995231628 2.90000009536743 2.75 2.62499994039536 2.45000004768372 2.32499998807907 2.14999997615814 2.02499997615814 1.84999996423721 1.72500002384186 1.55000001192093 1.39999997615814 1.25 1.12500002980232 0.949999988079071 0.849999994039536 0.674999997019768 0.550000011920929 0.450000002980232 0.350000008940697 0.275000009685755 0.200000002980232 0.175000002607703 0.100000001490116 0.100000001490116 0.100000001490116 0.100000001490116
4.90000009536743 4.90000009536743 4.87500011920929 4.82500016689301 4.77500009536743 4.69999980926514 4.59999990463257 4.5 4.40000009536743 4.37500011920929 4.30000019073486 4.30000019073486 4.30000019073486 4.25 4.19999980926514 4.12499988079071 4.07499992847443 4 3.92500007152557 3.82499998807907 3.67500001192093 3.54999995231628 3.40000003576279 3.25 3.09999996423721 2.95000004768372 2.77499997615814 2.64999997615814 2.47500002384186 2.35000002384186 2.17500001192093 2.04999995231628 1.84999996423721 1.75 1.55000001192093 1.39999997615814 1.25 1.10000002384186 0.949999988079071 0.775000005960464 0.650000005960464 0.525000005960464 0.375000007450581 0.275000009685755 0.200000002980232 0.150000002235174 0.100000001490116 0.100000001490116 0.100000001490116 0.100000001490116 0.100000001490116
4.82500016689301 4.87500011920929 4.95000004768372 4.92500007152557 4.87500011920929 4.77500009536743 4.64999985694885 4.47500002384186 4.37500011920929 4.37500011920929 4.40000009536743 4.35000014305115 4.35000014305115 4.32500016689301 4.30000019073486 4.22499990463257 4.17499983310699 4.09999990463257 4.04999995231628 3.92500007152557 3.80000001192093 3.62499994039536 3.45000004768372 3.32499998807907 3.14999997615814 2.97500002384186 2.85000002384186 2.67500001192093 2.54999995231628 2.35000002384186 2.22500002384186 2.04999995231628 1.89999997615814 1.75 1.55000001192093 1.44999998807907 1.25 1.05000001192093 0.924999982118607 0.75 0.575000017881393 0.450000002980232 0.325000010430813 0.225000005215406 0.125000001862645 0.100000001490116 0.100000001490116 0.100000001490116 0.100000001490116 0.100000001490116 0.100000001490116
4.64999985694885 4.82500004768372 5.09999990463257 5.02499997615814 4.90000009536743 4.92500007152557 4.77499997615814 4.42500007152557 4.25 4.35000014305115 4.40000009536743 4.40000009536743 4.40000009536743 4.40000009536743 4.40000009536743 4.32500016689301 4.22499990463257 4.19999980926514 4.17499983310699 4.09999990463257 3.90000003576279 3.69999998807907 3.54999995231628 3.35000002384186 3.19999998807907 3.04999995231628 2.87500005960464 2.75 2.54999995231628 2.42500007152557 2.25 2.04999995231628 1.94999998807907 1.75 1.55000001192093 1.44999998807907 1.25 1.05000001192093 0.874999985098839 0.724999994039536 0.550000011920929 0.375000007450581 0.225000005215406 0.125000001862645 0.100000001490116 0.100000001490116 0.100000001490116 0.100000001490116 0.100000001490116 0.100000001490116 0.100000001490116
4.57499992847443 4.79999995231628 5.22500002384186 5.09999990463257 4.90000009536743 5.02499997615814 4.79999995231628 4.40000009536743 4.14999985694885 4.35000014305115 4.5 4.42500007152557 4.42500007152557 4.5 4.45000004768372 4.37500011920929 4.25 4.25 4.30000019073486 4.17499995231628 3.95000004768372 3.75 3.54999995231628 3.42500007152557 3.25 3.07499992847443 2.95000004768372 2.75 2.57499992847443 2.45000004768372 2.25 2.12499994039536 1.94999998807907 1.75 1.60000002384186 1.44999998807907 1.25 1.05000001192093 0.849999994039536 0.650000005960464 0.450000002980232 0.300000008195639 0.125000001862645 0.100000001490116 0.100000001490116 0.100000001490116 0.100000001490116 0.100000001490116 0.100000001490116 0.100000001490116 0.100000001490116
4.75 4.85000014305115 5 5.02499997615814 4.92500007152557 4.87500011920929 4.69999992847443 4.45000004768372 4.35000014305115 4.5 4.54999995231628 4.45000004768372 4.40000009536743 4.42500007152557 4.40000009536743 4.37500011920929 4.17499983310699 4.25 4.22499990463257 4.14999985694885 3.95000004768372 3.75 3.62499994039536 3.45000004768372 3.25 3.14999997615814 2.95000004768372 2.77499997615814 2.64999997615814 2.45000004768372 2.32499998807907 2.14999997615814 1.94999998807907 1.77499997615814 1.65000003576279 1.44999998807907 1.25 1.05000001192093 0.849999994039536 0.650000005960464 0.450000002980232 0.200000004842877 0.100000001490116 0.100000001490116 0.100000001490116 0.100000001490116 0.100000001490116 0.100000001490116 0.100000001490116 0.100000001490116 0.100000001490116
4.87500011920929 4.82500016689301 4.85000014305115 4.90000009536743 4.90000009536743 4.85000014305115 4.62499988079071 4.42500007152557 4.45000004768372 4.59999990463257 4.77499997615814 4.47500002384186 4.19999992847443 4.37500011920929 4.40000009536743 4.40000009536743 4.27500009536743 4.19999980926514 4.19999980926514 4.07499992847443 3.95000004768372 3.79999995231628 3.64999997615814 3.45000004768372 3.32499998807907 3.14999997615814 2.97500002384186 2.85000002384186 2.64999997615814 2.5 2.35000002384186 2.14999997615814 1.97499999403954 1.84999996423721 1.65000003576279 1.44999998807907 1.25 1.05000001192093 0.849999994039536 0.650000005960464 0.450000002980232 0.200000004842877 0.100000001490116 0.100000001490116 0.100000001490116 0.100000001490116 0.100000001490116 0.100000001490116 0.100000001490116 0.100000001490116 0.100000001490116
4.87500011920929 4.77500009536743 4.75 4.80000019073486 4.95000004768372 4.97500002384186 4.62499988079071 4.42500007152557 4.52499997615814 4.64999985694885 4.72499990463257 4.5 4.25 4.35000014305115 4.40000009536743 4.40000009536743 4.30000019073486 4.19999980926514 4.14999985694885 4.04999995231628 3.95000004768372 3.79999995231628 3.64999997615814 3.5 3.35000002384186 3.17500001192093 3.04999995231628 2.85000002384186 2.67500001192093 2.54999995231628 2.35000002384186 2.17500001192093 2.04999995231628 1.84999996423721 1.65000003576279 1.44999998807907 1.25 1.05000001192093 0.849999994039536 0.650000005960464 0.450000002980232 0.275000009685755 0.125000001862645 0.100000001490116 0.100000001490116 0.100000001490116 0.100000001490116 0.100000001490116 0.100000001490116 0.100000001490116 0.100000001490116
4.82500016689301 4.75 4.72499990463257 4.80000019073486 4.92500007152557 4.92500007152557 4.75 4.57499992847443 4.59999990463257 4.59999990463257 4.59999990463257 4.54999995231628 4.42500007152557 4.40000009536743 4.40000009536743 4.35000014305115 4.30000019073486 4.25 4.14999985694885 4.04999995231628 3.95000004768372 3.82499998807907 3.64999997615814 3.54999995231628 3.35000002384186 3.22500002384186 3.04999995231628 2.87500005960464 2.75 2.54999995231628 2.42500007152557 2.25 2.04999995231628 1.84999996423721 1.70000001788139 1.55000001192093 1.34999996423721 1.15000003576279 0.949999988079071 0.75 0.550000011920929 0.350000008940697 0.200000002980232 0.100000001490116 0.100000001490116 0.100000001490116 0.100000001490116 0.100000001490116 0.100000001490116 0.100000001490116 0.100000001490116
4.75 4.80000019073486 4.80000019073486 4.80000019073486 4.87500011920929 4.82500016689301 4.77500009536743 4.69999980926514 4.67499983310699 4.64999985694885 4.59999990463257 4.57499992847443 4.5 4.45000004768372 4.40000009536743 4.40000009536743 4.30000019073486 4.25 4.14999985694885 4.04999995231628 3.95000004768372 3.85000002384186 3.70000004768372 3.54999995231628 3.40000009536743 3.25 3.07499992847443 2.95000004768372 2.75 2.62499994039536 2.45000004768372 2.25 2.09999996423721 1.94999998807907 1.75 1.55000001192093 1.34999996423721 1.15000003576279 0.949999988079071 0.75 0.550000011920929 0.350000008940697 0.200000002980232 0.100000001490116 0.100000001490116 0.100000001490116 0.100000001490116 0.100000001490116 0.100000001490116 0.100000001490116 0.100000001490116
4.85000014305115 4.92500007152557 4.87500011920929 4.80000019073486 4.80000019073486 4.80000019073486 4.80000019073486 4.75 4.69999980926514 4.69999980926514 4.64999985694885 4.59999990463257 4.54999995231628 4.5 4.45000004768372 4.40000009536743 4.32500016689301 4.25 4.17499983310699 4.07499992847443 3.95000004768372 3.85000002384186 3.72500002384186 3.57499992847443 3.45000004768372 3.27499997615814 3.14999997615814 2.95000004768372 2.82499998807907 2.64999997615814 2.47500002384186 2.32499998807907 2.14999997615814 1.94999998807907 1.77499997615814 1.60000002384186 1.39999997615814 1.22500002384186 1.02500000596046 0.799999997019768 0.600000008940697 0.400000005960464 0.175000002607703 0.100000001490116 0.100000001490116 0.100000001490116 0.100000001490116 0.100000001490116 0.100000001490116 0.100000001490116 0.100000001490116
5.17499995231628 5.07499992847443 4.85000014305115 4.80000019073486 4.80000019073486 4.80000019073486 4.80000019073486 4.80000019073486 4.77500009536743 4.69999980926514 4.69999980926514 4.62499988079071 4.59999990463257 4.52499997615814 4.5 4.42500007152557 4.37500011920929 4.30000019073486 4.19999980926514 4.09999990463257 4 3.87500005960464 3.75 3.62499994039536 3.45000004768372 3.32499998807907 3.14999997615814 3.02499997615814 2.85000002384186 2.67500001192093 2.54999995231628 2.35000002384186 2.17500001192093 2.02499997615814 1.84999996423721 1.65000003576279 1.44999998807907 1.25 1.05000001192093 0.849999994039536 0.650000005960464 0.450000002980232 0.175000004470348 0.100000001490116 0.100000001490116 0.100000001490116 0.100000001490116 0.100000001490116 0.100000001490116 0.100000001490116 0.100000001490116
5.12499988079071 4.89999997615814 4.67499995231628 4.67499983310699 4.80000019073486 4.80000019073486 4.85000014305115 4.80000019073486 4.80000019073486 4.77500009536743 4.69999980926514 4.69999980926514 4.62499988079071 4.59999990463257 4.52499997615814 4.47500002384186 4.40000009536743 4.32500016689301 4.22499990463257 4.14999985694885 4.02499997615814 3.90000009536743 3.77499997615814 3.64999997615814 3.52499997615814 3.35000002384186 3.22500002384186 3.04999995231628 2.90000003576279 2.75 2.54999995231628 2.42500007152557 2.25 2.04999995231628 1.89999997615814 1.72500002384186 1.55000001192093 1.34999996423721 1.15000003576279 0.949999988079071 0.75 0.550000011920929 0.300000008195639 0.150000002235174 0.150000002235174 0.100000001490116 0.100000001490116 0.100000001490116 0.100000001490116 0.100000001490116 0.100000001490116
5.02499997615814 4.70000004768372 4.5 4.64999985694885 4.80000019073486 4.90000009536743 4.90000009536743 4.90000009536743 4.82500016689301 4.80000019073486 4.80000019073486 4.72499990463257 4.69999980926514 4.62499988079071 4.59999990463257 4.5 4.45000004768372 4.37500011920929 4.27500009536743 4.17499983310699 4.04999995231628 3.95000004768372 3.82499998807907 3.67500001192093 3.54999995231628 3.42500007152557 3.25 3.12499994039536 2.95000004768372 2.77499997615814 2.64999997615814 2.45000004768372 2.30000001192093 2.14999997615814 1.94999998807907 1.77499997615814 1.60000002384186 1.39999997615814 1.25 1.05000001192093 0.849999994039536 0.674999997019768 0.500000007450581 0.350000008940697 0.275000009685755 0.250000007450581 0.200000002980232 0.175000002607703 0.150000002235174 0.150000002235174 0.100000001490116
5.04999995231628 4.75 4.52499997615814 4.67499995231628 4.90000009536743 4.97500002384186 4.95000004768372 4.90000009536743 4.90000009536743 4.85000014305115 4.80000019073486 4.80000019073486 4.72499990463257 4.69999980926514 4.62499988079071 4.57499992847443 4.5 4.42500007152557 4.32500016689301 4.22499990463257 4.12499988079071 3.97500002384186 3.85000002384186 3.75 3.57499992847443 3.45000004768372 3.32499998807907 3.14999997615814 3 2.85000002384186 2.67500001192093 2.52499997615814 2.35000002384186 2.17500001192093 2.02499997615814 1.84999996423721 1.65000003576279 1.5 1.29999998211861 1.15000003576279 0.974999994039536 0.799999997019768 0.625000014901161 0.525000005960464 0.425000004470348 0.350000008940697 0.300000011920929 0.250000007450581 0.225000005215406 0.200000002980232 0.200000002980232
5.04999995231628 4.80000007152557 4.75 4.90000009536743 5.17499995231628 5.12499988079071 5.02499997615814 4.97500002384186 4.90000009536743 4.90000009536743 4.87500011920929 4.82500016689301 4.80000019073486 4.75 4.69999980926514 4.62499988079071 4.57499992847443 4.47500002384186 4.37500011920929 4.27500009536743 4.14999985694885 4.04999995231628 3.92500007152557 3.77499997615814 3.64999997615814 3.52499997615814 3.35000002384186 3.22500002384186 3.04999995231628 2.90000003576279 2.75 2.57499992847443 2.42500007152557 2.25 2.07499992847443 1.92499998211861 1.75 1.57500001788139 1.39999997615814 1.25 1.07500001788139 0.924999982118607 0.775000005960464 0.674999997019768 0.550000011920929 0.475000001490116 0.400000005960464 0.325000010430813 0.300000011920929 0.250000007450581 0.200000002980232
5.20000004768372 5 4.85000014305115 4.92500007152557 5.25 5.14999985694885 5 5 4.97500002384186 4.92500007152557 4.90000009536743 4.90000009536743 4.87500011920929 4.80000019073486 4.77500009536743 4.69999980926514 4.62499988079071 4.52499997615814 4.45000004768372 4.32500016689301 4.22499990463257 4.09999990463257 3.97500002384186 3.85000002384186 3.70000004768372 3.54999995231628 3.42500007152557 3.25 3.12499994039536 2.95000004768372 2.80000001192093 2.64999997615814 2.47500002384186 2.32499998807907 2.14999997615814 1.99999997019768 1.84999996423721 1.65000003576279 1.5 1.34999996423721 1.17500004172325 1.02500000596046 0.899999991059303 0.775000005960464 0.674999997019768 0.575000017881393 0.5 0.425000004470348 0.375000007450581 0.300000011920929 0.275000009685755
5.22500002384186 4.95000004768372 4.92500007152557 4.95000004768372 5.17499983310699 5.14999985694885 4.92500007152557 5.02499997615814 5 5 5 4.95000004768372 4.92500007152557 4.90000009536743 4.85000014305115 4.77500009536743 4.69999980926514 4.62499988079071 4.52499997615814 4.40000009536743 4.27500009536743 4.14999985694885 4.02499997615814 3.87500005960464 3.75 3.62499994039536 3.45000004768372 3.32499998807907 3.14999997615814 3.02499997615814 2.85000002384186 2.72500002384186 2.54999995231628 2.37500005960464 2.25 2.07499992847443 1.92499998211861 1.75 1.60000002384186 1.44999998807907 1.29999998211861 1.15000003576279 1.02500000596046 0.874999985098839 0.775000005960464 0.674999997019768 0.575000017881393 0.5 0.425000004470348 0.375000007450581 0.300000011920929
5.04999995231628 5 5.12499988079071 5.09999990463257 5.22499990463257 5.19999992847443 5.12499988079071 5.125 5.02499997615814 5 5.04999995231628 5.04999995231628 5.02499997615814 5 4.92500007152557 4.87500011920929 4.77500009536743 4.67499983310699 4.57499992847443 4.47500002384186 4.35000014305115 4.22499990463257 4.07499992847443 3.95000004768372 3.82499998807907 3.67500001192093 3.54999995231628 3.37500005960464 3.25 3.07499992847443 2.95000004768372 2.77499997615814 2.62499994039536 2.45000004768372 2.30000001192093 2.14999997615814 1.99999997019768 1.84999996423721 1.67500004172325 1.52500000596046 1.37499997019768 1.25 1.12500002980232 0.974999994039536 0.874999985098839 0.775000005960464 0.674999997019768 0.575000017881393 0.5 0.400000005960464 0.325000010430813
5.125 5.02499997615814 4.97500002384186 5.17499995231628 5.32500016689301 5.19999992847443 5.09999990463257 4.87500011920929 4.97500002384186 5.07499992847443 5.12499988079071 5.14999985694885 5.14999985694885 5.09999990463257 5.04999995231628 4.97500002384186 4.87500011920929 4.77500009536743 4.67499983310699 4.54999995231628 4.42500007152557 4.27500009536743 4.14999985694885 4.02499997615814 3.87500005960464 3.75 3.57499992847443 3.45000004768372 3.27499997615814 3.14999997615814 2.97500002384186 2.85000002384186 2.67500001192093 2.54999995231628 2.37500005960464 2.22500002384186 2.07499992847443 1.92499998211861 1.77499997615814 1.62500002980232 1.47499999403954 1.34999996423721 1.22500002384186 1.07500001788139 0.974999994039536 0.849999994039536 0.75 0.650000005960464 0.550000011920929 0.450000002980232 0.350000008940697
