Data/habitats/processed/crm-salt-marsh-corrected/crm 72x60 15s 404m.asc
NCOLS 60 
NROWS 72 
XLLCORNER -83.25042 
YLLCORNER 29.09958 
CELLSIZE 0.00416666666666667 
NODATA_value 0 
[rows 42 to 62 of 72, columns 0 to 47 of 60]
3.82800000190735 3.74000000953674 3.65599998474121 3.57199993133545 3.48800001144409 3.40400007247925 3.31999999046326 3.23600001335144 3.15199997901916 3.06399993896484 2.97600002288818 2.89200005531311 2.80399998664856 2.71200001716614 2.62799995422363 2.53599996566772 2.43600005149841 2.34800002098084 2.25199999809265 2.15599997520447 2.05599995613098 1.95999998569489 1.85599996566772 1.75199999809265 1.6400000333786 1.53600000858307 1.41999998092651 1.31999996185303 1.2000000333786 1.09200002193451 0.975999994277954 0.859999990463257 0.747999999523163 0.636000010967255 0.524000005722046 0.412000005245209 0.292000010609627 0.180000002682209 0.100000001490116 0.100000001490116 0.100000001490116 0.100000001490116 0.100000001490116 0.100000001490116 0.100000001490116 0.100000001490116 0.100000001490116 0.100000001490116
3.9960000038147 3.86400003433228 3.76399998664856 3.68000000953674 3.5999999332428 3.51599998474121 3.43200006484985 3.34800002098084 3.26799998283386 3.18400001525879 3.10399993896484 3.01999998092651 2.93200005531311 2.84800002098084 2.75599999427795 2.67199999809265 2.57999994277954 2.49200000762939 2.39600005149841 2.29599999427795 2.1960000038147 2.09599994659424 1.98799998283386 1.88399997234344 1.76399999141693 1.66000003814697 1.53600000858307 1.41999998092651 1.2999999666214 1.1760000371933 1.05200001239777 0.935999984741211 0.812000005245209 0.687999994754791 0.564000015258789 0.44400000333786 0.324000010490417 0.180000002682209 0.100000001490116 0.100000001490116 0.100000001490116 0.100000001490116 0.100000001490116 0.100000001490116 0.100000001490116 0.100000001490116 0.100000001490116 0.100000001490116
4.14399991989136 3.98000001907349 3.8840000629425 3.80399998664856 3.72400001525879 3.63999996185303 3.55199995040894 3.47200002670288 3.38800005912781 3.30399998664856 3.22800001144409 3.14799997329712 3.05999994277954 2.98000001907349 2.90000005722046 2.81199999809265 2.72400000572205 2.63599996566772 2.53999996185303 2.44400004386902 2.34400002479553 2.24 2.12399995803833 2.01199997425079 1.88799997329712 1.77999997615814 1.65200003623962 1.52800000667572 1.39599997520447 1.27199998378754 1.1400000333786 1.00800000190735 0.871999988555908 0.743999998569489 0.616000015735626 0.476000002622604 0.348000009059906 0.220000005066395 0.100000001490116 0.100000001490116 0.100000001490116 0.100000001490116 0.100000001490116 0.100000001490116 0.100000001490116 0.100000001490116 0.100000001490116 0.100000001490116
4.14799998283386 4.03599996566772 4.03199996948242 3.94000004768372 3.85200002670288 3.7639999961853 3.68 3.5959999370575 3.51199998855591 3.42800005912781 3.35200002670288 3.27199998855591 3.20000000953674 3.11999995231628 3.03999996185303 2.95600004196167 2.86800004005432 2.77999999046326 2.69199999809265 2.59599994659424 2.49200000762939 2.38400004386902 2.27199999809265 2.15199997901916 2.03199995994568 1.89999997615814 1.76399999141693 1.63600003242493 1.5 1.36399996757507 1.22000001907349 1.08400002002716 0.94399998664856 0.80400000333786 0.660000002384186 0.524000006914139 0.376000007390976 0.248000007271767 0.124000001847744 0.100000001490116 0.100000001490116 0.100000001490116 0.100000001490116 0.100000001490116 0.100000001490116 0.100000001490116 0.100000001490116 0.100000001490116
4.50799998283386 4.48 4.26399997711182 4.08799991607666 3.99200000762939 3.90400005340576 3.82 3.72800001144409 3.63999996185303 3.55599994659424 3.48000001907349 3.4040000629425 3.33200000762939 3.25599999427795 3.18400000572205 3.09999994277954 3.02399997711182 2.93600005149841 2.84400002479553 2.74800000190735 2.64799997329712 2.53199996948242 2.41600005149841 2.29199999809265 2.16399998664856 2.027999958992 1.88799997329712 1.74800000190735 1.60400002479553 1.45599998950958 1.30399997234344 1.1600000333786 1.0160000038147 0.855999991893768 0.71599999666214 0.560000014305115 0.424000004529953 0.276000009179115 0.152000002264977 0.100000001490116 0.100000001490116 0.100000001490116 0.100000001490116 0.100000001490116 0.100000001490116 0.100000001490116 0.100000001490116 0.100000001490116
4.54000001907349 4.58400001525879 4.4839999961853 4.17999982833862 4.12799987792969 4.05999994277954 3.96000003814697 3.86000002861023 3.7639999961853 3.68000000953674 3.60799993515015 3.54399995803833 3.46400003433228 3.40000005722046 3.33200000762939 3.25599999427795 3.17199998855591 3.09199995040894 3.00799999237061 2.90800004959106 2.8039999961853 2.69199999809265 2.57599995613098 2.44000004768372 2.30000000953674 2.16399998664856 2.01199997425079 1.8599999666214 1.70800002098084 1.55600001335144 1.39199997425079 1.24000000476837 1.07600001811981 0.92399998664856 0.760000002384186 0.612000012397766 0.456000002622604 0.32000001013279 0.180000002682209 0.100000001490116 0.100000001490116 0.100000001490116 0.100000001490116 0.100000001490116 0.100000001490116 0.100000001490116 0.100000001490116 0.100000001490116
4.55599994659424 4.4 4.51599996566772 4.31599996566773 4.26000003814697 4.21599992752075 4.11199989318848 3.98800001144409 3.8840000629425 3.80799998283386 3.73600001335144 3.6639999961853 3.60799993515015 3.54399995803833 3.46800003051758 3.40800004959106 3.33600001335144 3.26 3.17199998855591 3.07599995613098 2.97600002288818 2.85200002670288 2.7239999961853 2.59999996185303 2.44000004768372 2.30000000953674 2.14399996757507 1.97999998092651 1.81999997138977 1.65200003147125 1.48799999713898 1.32799996852875 1.15200003623962 0.983999996185303 0.823999998569489 0.652000005245209 0.488000004291534 0.340000009536743 0.212000004351139 0.100000001490116 0.100000001490116 0.100000001490116 0.100000001490116 0.100000001490116 0.100000001490116 0.100000001490116 0.100000001490116 0.100000001490116
4.52399993896484 4.67199998855591 4.32000000953674 4.26000004768372 4.39600006103516 4.38800010681152 4.22399993896484 4.08799991607666 3.99200000762939 3.9200000667572 3.85600003242493 3.80399998664856 3.74400000572205 3.68400000572205 3.62799995422363 3.55599994659424 3.5 3.42800004959106 3.34400001525879 3.25599999427795 3.14799997329712 3.03199997901917 2.90000003814697 2.76 2.59999996185303 2.43600004196167 2.2760000038147 2.10399995803833 1.93199998378754 1.75199999809265 1.57600001811981 1.39999997615814 1.22800001144409 1.04800001144409 0.867999992370605 0.696000001430511 0.532000008821487 0.356000008583069 0.196000004410744 0.100000001490116 0.100000001490116 0.100000001490116 0.100000001490116 0.100000001490116 0.100000001490116 0.100000001490116 0.100000001490116 0.100000001490116
4.54799995422363 4.55599998474121 4.52 4.43199997901916 4.49999997138977 4.48400001525879 4.26800003051758 4.15599985122681 4.08399991989136 4.03599996566772 3.98000001907349 3.93600006103516 3.87600005149841 3.82800000190735 3.77199998855591 3.72400000572205 3.66399998664856 3.60399995803833 3.52799997329712 3.44000003814697 3.34000001907349 3.21599999427795 3.07199995994568 2.93200003623962 2.76800000190735 2.59199995994568 2.40800004005432 2.22800000190735 2.04399995803833 1.85999997138977 1.67200003147125 1.4839999961853 1.29999998092651 1.12000002861023 0.931999988555908 0.747999999523163 0.560000011920929 0.380000007152557 0.188000004291534 0.100000001490116 0.100000001490116 0.100000001490116 0.100000001490116 0.100000001490116 0.100000001490116 0.100000001490116 0.100000001490116 0.100000001490116
4.99599996566772 4.68799993515015 4.61199998855591 4.46400005340576 4.11199997901917 3.98 4.2039998626709 4.19599981307983 4.17199983596802 4.1479998588562 4.11999988555908 4.06399993896484 4.02399997711182 3.96400003433228 3.92800005912781 3.87600004196167 3.84000001907349 3.78400000572205 3.72 3.63999997138977 3.53599997520447 3.40800004005432 3.26400000572205 3.09999996185303 2.92800003051758 2.73199999809265 2.54799997329712 2.35600002288818 2.15999998092651 1.95999998092651 1.7639999961853 1.57200001716614 1.3759999704361 1.18000002861023 0.987999997138977 0.79599999666214 0.61200001001358 0.428000004291534 0.244000007212162 0.120000001788139 0.100000001490116 0.100000001490116 0.100000001490116 0.100000001490116 0.100000001490116 0.100000001490116 0.100000001490116 0.100000001490116
5.06399993896484 4.9839999961853 4.62000001907349 4.56400002479553 4.54400003433228 4.29199998855591 4.32400001525879 4.3239999961853 4.28000011444092 4.26000003814697 4.25200000762939 4.21999992370605 4.15599985122681 4.10799989700317 4.06399993896484 4.04399995803833 4.01999998092651 3.98000001907349 3.92400004386902 3.84800002098084 3.74400000572205 3.61599996566772 3.45600001335144 3.28000001907349 3.08799997329712 2.88800003051758 2.68799998283386 2.48000001907349 2.2760000038147 2.07199996471405 1.85999997138977 1.66000002861023 1.45599998950958 1.24800000190735 1.04800001144409 0.855999994277954 0.660000004768372 0.476000003814697 0.320000009536743 0.188000003099442 0.100000001490116 0.100000001490116 0.100000001490116 0.100000001490116 0.100000001490116 0.100000001490116 0.100000001490116 0.100000001490116
4.8 4.74799999237061 4.67199999809265 4.73999998092651 4.28399994850159 4.46799997329712 4.58800004959106 4.35200000762939 4.41200008392334 4.44800004959106 4.43200006484985 4.38000011444092 4.30000011444092 4.22799991607666 4.19199983596802 4.19999990463257 4.19999990463257 4.18799991607666 4.14399988174439 4.07199993133545 3.98000000953674 3.84400002479553 3.66399998664856 3.46400001525879 3.25199999809265 3.04399997711182 2.82800002098084 2.60799997329712 2.39600003242493 2.17999998092651 1.95999998092651 1.74800000190735 1.53200000762939 1.31599997520447 1.11200002670288 0.903999991416931 0.712000000476837 0.528000009059906 0.356000008583069 0.228000005483627 0.116000001728535 0.100000001490116 0.100000001490116 0.100000001490116 0.100000001490116 0.100000001490116 0.100000001490116 0.100000001490116
5.33599998474121 5.15599996566772 4.92 4.71599998474121 4.52399997711182 4.17600001335144 4.40399993896484 4.72800001144409 4.74799999237061 4.69999988555908 4.67199993133545 4.58799991607666 4.43600006103516 4.30800018310547 4.30400018692017 4.3600001335144 4.41200008392334 4.41600008010864 4.37200012207031 4.30400005340576 4.24 4.10399993896484 3.88400001525879 3.65199997901916 3.42000002861023 3.18799998283386 2.96400001525879 2.73599999427795 2.51199998855591 2.28800002098084 2.0639999628067 1.83599997520447 1.61200002670288 1.38799997329712 1.17200002670288 0.959999990463257 0.755999999046326 0.564000012874603 0.396000006198883 0.240000006556511 0.120000001788139 0.100000001490116 0.100000001490116 0.100000001490116 0.100000001490116 0.100000001490116 0.100000001490116 0.100000001490116
5.5039999961853 4.99599998474121 4.95600006103516 4.86399997711182 4.75600002288818 5.05599998474121 5.23199996948242 5.23600002288818 5.00000001907349 4.90800003051758 4.96400003433228 4.85600006103516 4.56399997711182 4.29200006484985 4.3360001373291 4.58799995422363 4.62799995422363 4.66399991989136 4.61599990844727 4.53199996948242 4.51999998092651 4.43999998092651 4.09199991226196 3.84000001907349 3.57199997901917 3.33200001716614 3.08399997711182 2.86400002479553 2.62399996757507 2.39200002670288 2.15599997520447 1.92399997711182 1.69200001716614 1.45599998950958 1.22400000572205 1.00800000190735 0.79599999666214 0.596000010967255 0.408000005483627 0.240000006556511 0.100000001490116 0.100000001490116 0.100000001490116 0.100000001490116 0.100000001490116 0.100000001490116 0.100000001490116 0.100000001490116
5.56399995803833 5.48800001144409 5.49599998474121 5.27999998092651 5.11200002670288 4.90799995422363 5.04000005722046 5.14 5.34800003051758 5.11999988555908 4.98000001907349 4.92400007247925 4.74400001525879 4.52399997711182 4.65200000762939 4.82000011444092 4.79600009918213 4.7560000038147 4.84400011062622 4.72799995422363 4.5 4.61199996948242 4.21599992752075 3.96000001907349 3.69599997520447 3.46000001907349 3.21599998474121 2.98400000572205 2.73599999427795 2.5 2.2560000038147 2.0039999628067 1.76 1.51200000286102 1.28799999237061 1.05600001335144 0.827999994754791 0.620000004768372 0.432000004053116 0.240000006556511 0.104000001549721 0.100000001490116 0.100000001490116 0.100000001490116 0.100000001490116 0.100000001490116 0.100000001490116 0.100000001490116
5.94799997329712 5.49200000762939 5.34399995803833 5.12800004959106 4.82800004959106 5.19199996948242 5.40800001144409 5.42399997711182 5.12399997711182 5.21599998474121 5.10399997711182 5.19599998474121 4.97200002670288 4.83200008392334 5.02799999237061 4.99199995040894 4.80800012588501 4.75200002670288 4.8480001449585 4.74799999237061 4.53999996185303 4.46800003051758 4.26800003051758 4.03199996948242 3.80000001907349 3.56799997329712 3.33600002288818 3.10399996757507 2.86400002479553 2.61599997520447 2.35600002288818 2.09999998092651 1.83999998092651 1.58800002098083 1.32399998188019 1.08400002002716 0.863999993801117 0.640000009536743 0.440000003576279 0.26000000834465 0.120000001788139 0.100000001490116 0.100000001490116 0.100000001490116 0.100000001490116 0.100000001490116 0.100000001490116 0.100000001490116
5.87999998092651 5.29599996566772 5.44 5.69200000762939 5.66 5.46800001144409 5.76400001525879 5.85599996566772 5.49999998092651 5.60800003051758 5.39600006103516 5.17199996948242 5.20800001144409 4.99200000762939 4.98400001525879 4.97600002288818 4.89600009918213 4.86400012969971 4.81200017929077 4.74399997711182 4.59199991226196 4.45200004577637 4.28400007247925 4.10399990081787 3.90000003814697 3.67599998474121 3.46000001907349 3.22799999237061 2.98400000572205 2.72399998664856 2.46000001907349 2.18799997329712 1.91199997425079 1.64000002384186 1.37999997138977 1.12000002861023 0.879999995231628 0.640000009536743 0.440000003576279 0.26000000834465 0.120000001788139 0.100000001490116 0.100000001490116 0.100000001490116 0.100000001490116 0.100000001490116 0.100000001490116 0.100000001490116
6.24399997711182 6.34400001525879 5.76399997711182 5.52000005722046 5.77599998474121 5.85599998474121 5.79199998855591 5.60399993896484 5.50000001907349 5.49199995040894 5.10000001907349 5.2439999961853 5.0439999961853 4.98000001907349 5.05999994277954 5.0039999961853 4.96800003051758 4.91600008010864 4.87600011825562 4.77600009918213 4.65599985122681 4.51199998855591 4.3560001373291 4.17999990463257 4 3.79600001335144 3.58399996757507 3.36400002479553 3.11599997520447 2.84400001525879 2.56799998283386 2.28000001907349 1.98799996376038 1.69200001239777 1.40399997711182 1.12000002861023 0.879999995231628 0.636000008583069 0.440000003576279 0.26000000834465 0.120000001788139 0.100000001490116 0.100000001490116 0.100000001490116 0.100000001490116 0.100000001490116 0.100000001490116 0.100000001490116
6.10000001907349 5.90000003814697 5.92800004959106 6.17200000762939 5.95999998092651 6.0239999961853 5.8160000038147 5.84800001144409 5.6360000038147 5.64400003433228 5.41200000762939 5.26800003051758 5.3639999961853 5.25200000762939 5.09999998092651 5.05599994659424 5.06399993896484 5.01199998855591 4.94000005722046 4.8480001449585 4.72399991989136 4.58799991607666 4.44000005722046 4.27200004577637 4.09999990463257 3.91600004196167 3.7239999961853 3.5 3.25199999809265 2.97200000762939 2.67999997138977 2.37200001716614 2.05199996948242 1.74000000476837 1.43199998378754 1.12000002861023 0.863999996185303 0.612000005245209 0.412000005245209 0.248000007271767 0.120000001788139 0.100000001490116 0.100000001490116 0.100000001490116 0.100000001490116 0.100000001490116 0.100000001490116 0.100000001490116
6.18800004959106 6.2439999961853 6.13199998855591 6.00400003433228 6.21200004577637 6.46800003051758 6.2639999961853 6.26399997711182 5.85199996948242 5.46800004959106 5.35599994659424 5.3760000038147 5.20399997711182 5.03199998855591 5.31599994659424 5.47599996566772 5.27599998474121 5.11999988555908 5.03999996185303 4.94000005722046 4.80800012588501 4.67599985122681 4.53199996948242 4.36800012588501 4.20799991607666 4.05199995040894 3.87200003623962 3.65999998092651 3.41200001716614 3.11199997901917 2.79600001335144 2.4639999961853 2.12799998283386 1.77599999427795 1.43999998569489 1.11200002670288 0.807999992370605 0.55200001001358 0.348000009059906 0.212000004351139 0.108000001609325 0.100000001490116 0.100000001490116 0.100000001490116 0.100000001490116 0.100000001490116 0.100000001490116 0.100000001490116
6.38800006866455 6.46399993896484 6.24 6.50000001907349 6.68800004959106 6.41999998092651 6.29200002670288 6.38000001907349 5.75199998855591 5.36000003814697 5.38799997329712 5.2960000038147 5.42799999237061 5.56399997711182 5.58000005722046 5.32799993515015 5.2039999961853 5.21199987411499 5.17999990463257 5.05999994277954 4.89200010299683 4.78400009155273 4.64399988174439 4.45600004196167 4.3000001335144 4.19199989318848 4.05199995040894 3.86400003433228 3.60399997711182 3.27199999809265 2.92000000953674 2.56000000953674 2.19199997901916 1.8239999961853 1.43999998569489 1.07600001811981 0.740000002384186 0.436000006198883 0.240000006258488 0.124000001847744 0.100000001490116 0.100000001490116 0.100000001490116 0.100000001490116 0.100000001490116 0.100000001490116 0.100000001490116 0.100000001490116
