Data/habitats/processed/crm-salt-marsh-corrected/crm 72x60 15s 404m.asc
NCOLS 60 
NROWS 72 
XLLCORNER -83.25042 
YLLCORNER 29.09958 
CELLSIZE 0.00416666666666667 
NODATA_value 0 
[rows 21 to 41 of 72, columns 0 to 47 of 60]
2.12399994850159 1.99999998569489 1.8759999704361 1.75199999809265 1.63600003242493 1.51200000286102 1.39199997425079 1.26399998664856 1.14800003528595 1.02800000667572 0.907999982833862 0.780000004768372 0.656000003814697 0.540000009536743 0.420000004768372 0.296000010371208 0.168000002503395 0.100000001490116 0.100000001490116 0.100000001490116 0.100000001490116 0.100000001490116 0.100000001490116 0.100000001490116 0.100000001490116 0.100000001490116 0.100000001490116 0.100000001490116 0.100000001490116 0.100000001490116 0.100000001490116 0.100000001490116 0.100000001490116 0.100000001490116 0 0 0 0 0 0 0 0 0 0 0 0 0 0
2.22000001907349 2.0959999370575 1.97199998855591 1.84799996376038 1.72400002002716 1.59600002288818 1.47199999332428 1.34799996376038 1.22000002384186 1.09200002193451 0.963999991416931 0.843999996185303 0.719999995231628 0.584000017642975 0.460000002384186 0.33200001001358 0.204000003933907 0.100000001490116 0.100000001490116 0.100000001490116 0.100000001490116 0.100000001490116 0.100000001490116 0.100000001490116 0.100000001490116 0.100000001490116 0.100000001490116 0.100000001490116 0.100000001490116 0.100000001490116 0.100000001490116 0.100000001490116 0.100000001490116 0.100000001490116 0.100000001490116 0 0 0 0 0 0 0 0 0 0 0 0 0
2.31599999427795 2.19200000762939 2.06399994850159 1.93199998378754 1.80799996852875 1.6760000371933 1.55200001239777 1.42399998188019 1.2959999704361 1.16400003910065 1.03600000858307 0.907999982833862 0.768000001907349 0.644000008106232 0.512000005245209 0.368000007867813 0.240000006556511 0.120000001788139 0.100000001490116 0.100000001490116 0.100000001490116 0.100000001490116 0.100000001490116 0.100000001490116 0.100000001490116 0.100000001490116 0.100000001490116 0.100000001490116 0.100000001490116 0.100000001490116 0.100000001490116 0.100000001490116 0.100000001490116 0.100000001490116 0.100000001490116 0 0 0 0 0 0 0 0 0 0 0 0 0
2.41600006103516 2.28799999237061 2.15199997901916 2.02799996852875 1.89599997520447 1.76399999141693 1.63600003242493 1.50400000095367 1.36799996852875 1.24400000572205 1.10800002574921 0.967999992370606 0.835999999046326 0.69599999666214 0.55600001335144 0.424000004529953 0.276000009179115 0.160000002384186 0.100000001490116 0.100000001490116 0.100000001490116 0.100000001490116 0.100000001490116 0.100000001490116 0.100000001490116 0.100000001490116 0.100000001490116 0.100000001490116 0.100000001490116 0.100000001490116 0.100000001490116 0.100000001490116 0.100000001490116 0.100000001490116 0.100000001490116 0.100000001490116 0.100000001490116 0.100000001490116 0 0 0 0 0 0 0 0 0 0
2.51999998092651 2.38800004959106 2.25199999809265 2.11999995231628 1.98399998664856 1.85199996471405 1.72000001907349 1.58400002002716 1.45199998855591 1.31599996566772 1.1760000371933 1.04400001049042 0.899999985694885 0.756000001430511 0.61600001335144 0.472000002861023 0.33200001001358 0.196000003516674 0.100000001490116 0.100000001490116 0.100000001490116 0.100000001490116 0.100000001490116 0.100000001490116 0.100000001490116 0.100000001490116 0.100000001490116 0.100000001490116 0.100000001490116 0.100000001490116 0.100000001490116 0.100000001490116 0.100000001490116 0.100000001490116 0.100000001490116 0.100000001490116 0.100000001490116 0.100000001490116 0.100000001490116 0.100000001490116 0.100000001490116 0.100000001490116 0 0 0 0 0 0
2.61999995231628 2.48000001907349 2.34800002098084 2.20800001144409 2.07199994087219 1.94799998760223 1.80799996852875 1.67200003623962 1.53600000858307 1.39999997615814 1.25599999427795 1.11600002765656 0.967999992370606 0.831999998092651 0.672000000476837 0.528000007867813 0.364000008106232 0.232000005841255 0.104000001549721 0.100000001490116 0.100000001490116 0.100000001490116 0.100000001490116 0.100000001490116 0.100000001490116 0.100000001490116 0.100000001490116 0.100000001490116 0.100000001490116 0.100000001490116 0.100000001490116 0.100000001490116 0.100000001490116 0.100000001490116 0.100000001490116 0.100000001490116 0.100000001490116 0.100000001490116 0.100000001490116 0.100000001490116 0.100000001490116 0.100000001490116 0.100000001490116 0 0 0 0 0
2.72000000953674 2.57999994277954 2.44400004386902 2.30799999237061 2.17199999809265 2.03599996089935 1.89999997615814 1.75599999427795 1.62000002861023 1.47999999523163 1.3399999666214 1.19600002765656 1.04800001144409 0.899999985694885 0.743999998569489 0.57600001335144 0.412000005245209 0.240000006556511 0.11200000166893 0.100000001490116 0.100000001490116 0.100000001490116 0.100000001490116 0.100000001490116 0.100000001490116 0.100000001490116 0.100000001490116 0.100000001490116 0.100000001490116 0.100000001490116 0.100000001490116 0.100000001490116 0.100000001490116 0.100000001490116 0.100000001490116 0.100000001490116 0.100000001490116 0.100000001490116 0.100000001490116 0.100000001490116 0.100000001490116 0.100000001490116 0.100000001490116 0 0 0 0 0
2.8160000038147 2.67599999427795 2.53599996566772 2.40000005722046 2.2639999961853 2.12799995422363 1.99199998378754 1.84799996376038 1.70800002574921 1.56800001621246 1.42799998283386 1.27999998092651 1.13600003242493 0.975999994277954 0.827999997138977 0.64800000667572 0.468000004291534 0.268000007867813 0.100000001490116 0.100000001490116 0.100000001490116 0.100000001490116 0.100000001490116 0.100000001490116 0.100000001490116 0.100000001490116 0.100000001490116 0.100000001490116 0.100000001490116 0.100000001490116 0.100000001490116 0.100000001490116 0.100000001490116 0.100000001490116 0.100000001490116 0.100000001490116 0.100000001490116 0.100000001490116 0.100000001490116 0.100000001490116 0.100000001490116 0.100000001490116 0.100000001490116 0 0 0 0 0
2.91600005149841 2.77199998855591 2.63599996566772 2.49200000762939 2.35200002670288 2.22000000953674 2.07999994277954 1.94399998664856 1.79999997138977 1.66400003433228 1.52000000476837 1.3759999704361 1.22400001525879 1.07200001716614 0.911999988555908 0.74 0.560000010728836 0.340000007152557 0.14400000244379 0.128000001907349 0.160000002384186 0.184000002741814 0.200000002980232 0.200000002980232 0.180000002682209 0.156000002324581 0.128000001907349 0.100000001490116 0.100000001490116 0.100000001490116 0.100000001490116 0.100000001490116 0.100000001490116 0.100000001490116 0.100000001490116 0.100000001490116 0.100000001490116 0.100000001490116 0.100000001490116 0.100000001490116 0.100000001490116 0.100000001490116 0.100000001490116 0 0 0 0 0
3.00799999237061 2.86400003433228 2.72800001144409 2.57999994277954 2.44800004959106 2.30799999237061 2.17199999809265 2.03599996089935 1.89999997615814 1.75999999523163 1.61600002765656 1.47599999427795 1.32399996757507 1.18000002861023 1.02000000476837 0.85199999332428 0.688000001907349 0.504000008106232 0.364000006914139 0.30800000846386 0.304000009298325 0.320000010728836 0.30400001168251 0.284000010490417 0.268000009059906 0.240000006556511 0.208000003695488 0.192000002861023 0.144000002145767 0.104000001549721 0.100000001490116 0.100000001490116 0.100000001490116 0.100000001490116 0.100000001490116 0.100000001490116 0.100000001490116 0.100000001490116 0.100000001490116 0.100000001490116 0.100000001490116 0.100000001490116 0.100000001490116 0 0 0 0 0
3.09999994277954 2.95200004577637 2.81599999427795 2.67199999809265 2.53599996566772 2.40000005722046 2.26799999237061 2.13199995994568 1.99599997997284 1.8599999666214 1.72000001907349 1.58400002002716 1.43999998569489 1.28799997806549 1.1440000295639 0.991999998092651 0.831999995708466 0.700000002384186 0.580000009536743 0.504000008106232 0.460000002384186 0.44400000333786 0.428000004291534 0.396000006198883 0.368000007867813 0.33200001001358 0.296000011563301 0.264000008702278 0.216000004410744 0.192000002861023 0.144000002145767 0.100000001490116 0.100000001490116 0.100000001490116 0.100000001490116 0.100000001490116 0.100000001490116 0.100000001490116 0.100000001490116 0.100000001490116 0.100000001490116 0.100000001490116 0.100000001490116 0.100000001490116 0 0 0 0
3.18 3.03999996185303 2.90000005722046 2.7639999961853 2.62799995422363 2.4960000038147 2.36400003433228 2.22800001144409 2.09199994087219 1.96399998664856 1.82799996376038 1.68800003051758 1.55200001239777 1.41199997901917 1.27199999332428 1.12800003051758 1 0.875999991893768 0.763999998569489 0.688000001907349 0.63200001001358 0.580000014305115 0.548000011444092 0.508000003099441 0.47200000166893 0.432000004053116 0.392000006437302 0.344000009298325 0.30400001168251 0.264000008702278 0.208000003695488 0.184000002741814 0.124000001847744 0.100000001490116 0.100000001490116 0.100000001490116 0.100000001490116 0.100000001490116 0.100000001490116 0.100000001490116 0.100000001490116 0.100000001490116 0.100000001490116 0.100000001490116 0.100000001490116 0 0 0
3.25599999427795 3.11999995231628 2.98400001525879 2.84800002098084 2.72000000953674 2.58799993515015 2.45600004196167 2.32800000190735 2.19600001335144 2.06799994468689 1.93599998474121 1.81199996948242 1.67200003147125 1.53600000858307 1.41199997901917 1.27999998569489 1.15200003147125 1.04000000953674 0.939999988079071 0.859999992847443 0.780000002384186 0.73599999666214 0.675999999046326 0.636000010967255 0.580000019073486 0.536000008583069 0.484000000953674 0.436000003814697 0.392000006437302 0.33200001001358 0.292000011205673 0.236000006198883 0.200000002980232 0.160000002384186 0.104000001549721 0.100000001490116 0.100000001490116 0.100000001490116 0.100000001490116 0.100000001490116 0.100000001490116 0.100000001490116 0.100000001490116 0.100000001490116 0.100000001490116 0 0 0
3.33200000762939 3.19200001716614 3.05999994277954 2.93200005531311 2.80399998664856 2.6760000038147 2.55199995040894 2.42800005912781 2.30399998664856 2.17199999809265 2.04799995422363 1.91599997997284 1.78799997806549 1.66400003433228 1.54000000953674 1.41999998092651 1.30799997329712 1.19600002765656 1.09600002288818 1.0160000038147 0.94399998664856 0.86799998998642 0.816000001430511 0.756000001430511 0.699999992847443 0.644000008106232 0.588000018596649 0.52800000667572 0.476000001430511 0.41600000500679 0.368000007867813 0.30400001168251 0.268000009059906 0.20400000333786 0.188000002801418 0.120000001788139 0.100000001490116 0.100000001490116 0.100000001490116 0.100000001490116 0.100000001490116 0.100000001490116 0.100000001490116 0.100000001490116 0.100000001490116 0.100000001490116 0 0
3.39600006103516 3.25599999427795 3.13599995613098 3.01199998855591 2.88800005912781 2.76399998664856 2.64799997329712 2.52399997711182 2.4040000629425 2.28799999237061 2.16399998664856 2.03599996089935 1.91199997901917 1.80399997234344 1.68800003051758 1.56800001621246 1.45599998950958 1.35599996566772 1.25599999904633 1.16400003433228 1.08400002002716 1.0160000038147 0.94399998664856 0.879999985694885 0.816000003814697 0.752000000476837 0.687999994754791 0.628000013828278 0.564000015258789 0.500000001192093 0.436000003814697 0.38800000667572 0.312000011205673 0.276000009775162 0.20400000333786 0.196000002920628 0.116000001728535 0.100000001490116 0.100000001490116 0.100000001490116 0.100000001490116 0.100000001490116 0.100000001490116 0.100000001490116 0.100000001490116 0.100000001490116 0.100000001490116 0.100000001490116
3.45200004577637 3.32799999237061 3.20800002098084 3.0839999294281 2.96800003051758 2.85200002670288 2.74000000953674 2.62399994850159 2.50799999237061 2.38800004959106 2.27999998092651 2.16399998664856 2.03999995708466 1.93599998474121 1.8159999704361 1.71200002193451 1.60400002479553 1.5 1.40399997711182 1.31599996566772 1.23200001239777 1.15200003623962 1.07600001811981 1.00800000190735 0.931999983787537 0.859999990463257 0.792000007629394 0.719999992847443 0.652000005245209 0.584000020027161 0.512000002861023 0.448000003099442 0.38800000667572 0.312000011205673 0.276000009775162 0.20400000333786 0.184000002741814 0.100000001490116 0.100000001490116 0.100000001490116 0.100000001490116 0.100000001490116 0.100000001490116 0.100000001490116 0.100000001490116 0.100000001490116 0.100000001490116 0.100000001490116
3.4960000038147 3.37600006103516 3.26799998283386 3.15999999046326 3.05199995040894 2.94400005340576 2.83200000762939 2.72000001907349 2.61199995040894 2.5 2.38800004959106 2.28399998664856 2.16799999237061 2.06399994850159 1.95199998855591 1.84799996376038 1.74400000095367 1.64400003433228 1.54800001144409 1.45999999046326 1.36799996852875 1.28399997711182 1.2040000295639 1.12800003051758 1.04800001144409 0.97199999332428 0.895999982357025 0.820000004768372 0.739999997615814 0.671999998092651 0.592000019550323 0.512000002861023 0.440000003576279 0.38800000667572 0.30400001168251 0.252000007629395 0.200000002980232 0.132000001966953 0.100000001490116 0.100000001490116 0.100000001490116 0.100000001490116 0.100000001490116 0.100000001490116 0.100000001490116 0.100000001490116 0.100000001490116 0.100000001490116
3.53199996948242 3.43600006103516 3.33199999809265 3.23200001716614 3.13199995040894 3.02799997329712 2.9200000667572 2.81999999046326 2.72000001907349 2.61199995040894 2.50799999237061 2.4000000667572 2.29199998855591 2.18800000190735 2.08799994468689 1.98799998283386 1.88399997234344 1.78799997806549 1.69200003147125 1.60000002384186 1.50800000190735 1.42399998188019 1.33999996185303 1.25199999809265 1.16800004005432 1.08000001907349 1 0.915999982357025 0.832000000476837 0.747999999523163 0.67599999666214 0.588000020980835 0.508000001907349 0.428000004291534 0.36000000834465 0.296000011563301 0.208000003695488 0.160000002384186 0.100000001490116 0.100000001490116 0.100000001490116 0.100000001490116 0.100000001490116 0.100000001490116 0.100000001490116 0.100000001490116 0.100000001490116 0.100000001490116
3.57599992752075 3.48800001144409 3.39600008010864 3.30799997329712 3.21200002670288 3.11999994277954 3.01999998092651 2.9200000667572 2.81999999046326 2.72000001907349 2.61999994277954 2.52399997711182 2.4240000629425 2.32 2.22000000953674 2.11999995231628 2.02399996757507 1.92799998283386 1.83599996566772 1.73600000858307 1.64800003528595 1.55200001239777 1.46399999141693 1.37199996948242 1.28399997711182 1.19600003242493 1.10000002384186 1.02000000476837 0.923999981880188 0.835999999046326 0.739999997615814 0.656000003814697 0.572000017166138 0.484000000953674 0.404000005722046 0.312000011205673 0.236000006198883 0.180000002682209 0.100000001490116 0.100000001490116 0.100000001490116 0.100000001490116 0.100000001490116 0.100000001490116 0.100000001490116 0.100000001490116 0.100000001490116 0.100000001490116
3.60799991607666 3.55999994277954 3.47600002288818 3.3920000743866 3.29999998092651 3.20800003051758 3.11999994277954 3.01999998092651 2.92800005912781 2.84000000953674 2.74000000953674 2.64399996757507 2.54799995422363 2.45200004577637 2.35200002670288 2.26 2.16399998664856 2.06399994850159 1.97199998855591 1.8759999704361 1.77999998092651 1.69200003147125 1.59200002193451 1.49599999904633 1.40399997711182 1.30399996757507 1.21200002670288 1.12000002861023 1.02000000476837 0.919999983310699 0.82400000333786 0.723999993801117 0.628000013828278 0.532000007629394 0.440000003576279 0.348000009059906 0.26000000834465 0.180000002682209 0.100000001490116 0.100000001490116 0.100000001490116 0.100000001490116 0.100000001490116 0.100000001490116 0.100000001490116 0.100000001490116 0.100000001490116 0.100000001490116
3.70000002861023 3.63199995040894 3.55999994277954 3.47600002288818 3.3920000743866 3.29999998092651 3.22000001907349 3.12399994850159 3.03999996185303 2.94800004959106 2.85600003242493 2.76799999237061 2.67199999809265 2.57999994277954 2.49200000762939 2.39200005531311 2.29999999046326 2.20800001144409 2.10799994468689 2.0159999704361 1.91999998092651 1.8199999666214 1.72400002002716 1.6240000295639 1.52400000572205 1.41999998092651 1.31999996185303 1.22000002384186 1.10800002574921 1 0.899999983310699 0.792000007629394 0.687999994754791 0.584000020027161 0.480000001192093 0.376000007390976 0.28000001013279 0.180000002682209 0.100000001490116 0.100000001490116 0.100000001490116 0.100000001490116 0.100000001490116 0.100000001490116 0.100000001490116 0.100000001490116 0.100000001490116 0.100000001490116
