Data/habitats/processed/crm-salt-marsh-corrected/crm 180x150 6s 162m - saltmarsh corrected.asc
NCOLS 150 
NROWS 180 
XLLCORNER -83.25042 
YLLCORNER 29.09958 
CELLSIZE 0.00166666666666667 
NODATA_value 0 
[rows 88 to 109 of 180, columns 51 to 101 of 150]
1.07500001788139 1.02500000596046 1 1 0.949999988079071 0.899999976158142 0.899999976158142 0.899999976158142 0.849999994039536 0.800000011920929 0.800000011920929 0.800000011920929 0.75 0.699999988079071 0.699999988079071 0.699999988079071 0.650000005960464 0.600000023841858 0.600000023841858 0.600000023841858 0.525000005960464 0.5 0.5 0.5 0.450000002980232 0.400000005960464 0.400000005960464 0.400000005960464 0.375000007450581 0.300000011920929 0.300000011920929 0.300000011920929 0.300000011920929 0.225000005215406 0.200000002980232 0.200000002980232 0.200000002980232 0.200000002980232 0.200000002980232 0.125000001862645 0.100000001490116 0.100000001490116 0.100000001490116 0.100000001490116 0.100000001490116 0.100000001490116 0.100000001490116 0.100000001490116 0.100000001490116 0.100000001490116 0.100000001490116
1.10000002384186 1.10000002384186 1.07500001788139 1.02500000596046 1 1 0.949999988079071 0.899999976158142 0.899999976158142 0.899999976158142 0.825000002980232 0.800000011920929 0.800000011920929 0.775000005960464 0.724999994039536 0.699999988079071 0.699999988079071 0.674999997019768 0.625000014901161 0.600000023841858 0.600000023841858 0.575000017881393 0.5 0.5 0.5 0.475000001490116 0.400000005960464 0.400000005960464 0.400000005960464 0.375000007450581 0.300000011920929 0.300000011920929 0.300000011920929 0.300000011920929 0.225000005215406 0.200000002980232 0.200000002980232 0.200000002980232 0.200000002980232 0.175000002607703 0.100000001490116 0.100000001490116 0.100000001490116 0.100000001490116 0.100000001490116 0.100000001490116 0.100000001490116 0.100000001490116 0.100000001490116 0.100000001490116 0.100000001490116
1.20000004768372 1.15000003576279 1.10000002384186 1.10000002384186 1.07500001788139 1.02500000596046 1 1 0.949999988079071 0.899999976158142 0.899999976158142 0.874999985098839 0.825000002980232 0.800000011920929 0.800000011920929 0.775000005960464 0.699999988079071 0.699999988079071 0.699999988079071 0.625000014901161 0.600000023841858 0.600000023841858 0.575000017881393 0.525000005960464 0.5 0.5 0.475000001490116 0.400000005960464 0.400000005960464 0.400000005960464 0.375000007450581 0.300000011920929 0.300000011920929 0.300000011920929 0.300000011920929 0.225000005215406 0.200000002980232 0.200000002980232 0.200000002980232 0.200000002980232 0.175000002607703 0.100000001490116 0.100000001490116 0.100000001490116 0.100000001490116 0.100000001490116 0.100000001490116 0.100000001490116 0.100000001490116 0.100000001490116 0.100000001490116
1.22500002384186 1.20000004768372 1.20000004768372 1.12500002980232 1.10000002384186 1.10000002384186 1.05000001192093 1 1 0.974999994039536 0.924999982118607 0.899999976158142 0.899999976158142 0.849999994039536 0.800000011920929 0.800000011920929 0.775000005960464 0.724999994039536 0.699999988079071 0.699999988079071 0.674999997019768 0.600000023841858 0.600000023841858 0.600000023841858 0.525000005960464 0.5 0.5 0.475000001490116 0.425000004470348 0.400000005960464 0.400000005960464 0.375000007450581 0.300000011920929 0.300000011920929 0.300000011920929 0.300000011920929 0.225000005215406 0.200000002980232 0.200000002980232 0.200000002980232 0.200000002980232 0.125000001862645 0.100000001490116 0.100000001490116 0.100000001490116 0.100000001490116 0.100000001490116 0.100000001490116 0.100000001490116 0.100000001490116 0.100000001490116
1.29999995231628 1.27499997615814 1.20000004768372 1.20000004768372 1.17500004172325 1.12500002980232 1.10000002384186 1.10000002384186 1.02500000596046 1 1 0.949999988079071 0.899999976158142 0.899999976158142 0.874999985098839 0.825000002980232 0.800000011920929 0.800000011920929 0.75 0.699999988079071 0.699999988079071 0.674999997019768 0.600000023841858 0.600000023841858 0.600000023841858 0.525000005960464 0.5 0.5 0.5 0.400000005960464 0.400000005960464 0.400000005960464 0.375000007450581 0.300000011920929 0.300000011920929 0.300000011920929 0.300000011920929 0.200000002980232 0.200000002980232 0.200000002980232 0.200000002980232 0.175000002607703 0.100000001490116 0.100000001490116 0.100000001490116 0.100000001490116 0.100000001490116 0.100000001490116 0.100000001490116 0.100000001490116 0.100000001490116
1.34999996423721 1.29999995231628 1.29999995231628 1.25 1.20000004768372 1.20000004768372 1.15000003576279 1.10000002384186 1.10000002384186 1.07500001788139 1 1 1 0.924999982118607 0.899999976158142 0.899999976158142 0.825000002980232 0.800000011920929 0.800000011920929 0.775000005960464 0.699999988079071 0.699999988079071 0.699999988079071 0.625000014901161 0.600000023841858 0.600000023841858 0.525000005960464 0.5 0.5 0.475000001490116 0.400000005960464 0.400000005960464 0.400000005960464 0.375000007450581 0.300000011920929 0.300000011920929 0.300000011920929 0.275000009685755 0.200000002980232 0.200000002980232 0.200000002980232 0.200000002980232 0.125000001862645 0.100000001490116 0.100000001490116 0.100000001490116 0.100000001490116 0.100000001490116 0.100000001490116 0.100000001490116 0.100000001490116
1.39999997615814 1.37499997019768 1.32499995827675 1.29999995231628 1.27499997615814 1.22500002384186 1.20000004768372 1.20000004768372 1.12500002980232 1.10000002384186 1.10000002384186 1.02500000596046 1 1 0.949999988079071 0.899999976158142 0.899999976158142 0.874999985098839 0.800000011920929 0.800000011920929 0.775000005960464 0.699999988079071 0.699999988079071 0.699999988079071 0.625000014901161 0.600000023841858 0.600000023841858 0.525000005960464 0.5 0.5 0.475000001490116 0.400000005960464 0.400000005960464 0.400000005960464 0.325000010430813 0.300000011920929 0.300000011920929 0.300000011920929 0.225000005215406 0.200000002980232 0.200000002980232 0.200000002980232 0.150000002235174 0.100000001490116 0.100000001490116 0.100000001490116 0.100000001490116 0.100000001490116 0.100000001490116 0.100000001490116 0.100000001490116
1.47499999403954 1.39999997615814 1.39999997615814 1.37499997019768 1.29999995231628 1.29999995231628 1.27499997615814 1.20000004768372 1.20000004768372 1.17500004172325 1.10000002384186 1.10000002384186 1.07500001788139 1 1 0.974999994039536 0.899999976158142 0.899999976158142 0.874999985098839 0.800000011920929 0.800000011920929 0.775000005960464 0.699999988079071 0.699999988079071 0.699999988079071 0.625000014901161 0.600000023841858 0.600000023841858 0.525000005960464 0.5 0.5 0.475000001490116 0.400000005960464 0.400000005960464 0.400000005960464 0.300000011920929 0.300000011920929 0.300000011920929 0.275000009685755 0.200000002980232 0.200000002980232 0.200000002980232 0.200000002980232 0.100000001490116 0.100000001490116 0.100000001490116 0.100000001490116 0.100000001490116 0.100000001490116 0.100000001490116 0.100000001490116
1.5 1.5 1.42499998211861 1.39999997615814 1.39999997615814 1.32499995827675 1.29999995231628 1.29999995231628 1.22500002384186 1.20000004768372 1.20000004768372 1.12500002980232 1.10000002384186 1.07500001788139 1.02500000596046 1 0.974999994039536 0.924999982118607 0.899999976158142 0.874999985098839 0.825000002980232 0.800000011920929 0.800000011920929 0.724999994039536 0.699999988079071 0.699999988079071 0.625000014901161 0.600000023841858 0.600000023841858 0.525000005960464 0.5 0.5 0.425000004470348 0.400000005960464 0.400000005960464 0.375000007450581 0.300000011920929 0.300000011920929 0.300000011920929 0.225000005215406 0.200000002980232 0.200000002980232 0.200000002980232 0.100000001490116 0.100000001490116 0.100000001490116 0.100000001490116 0.100000001490116 0.100000001490116 0.100000001490116 0.100000001490116
1.57500001788139 1.52500000596046 1.5 1.47499999403954 1.39999997615814 1.39999997615814 1.37499997019768 1.29999995231628 1.29999995231628 1.25 1.20000004768372 1.20000004768372 1.12500002980232 1.10000002384186 1.10000002384186 1.02500000596046 1 1 0.924999982118607 0.899999976158142 0.899999976158142 0.825000002980232 0.800000011920929 0.775000005960464 0.699999988079071 0.699999988079071 0.674999997019768 0.600000023841858 0.600000023841858 0.575000017881393 0.5 0.5 0.5 0.400000005960464 0.400000005960464 0.400000005960464 0.325000010430813 0.300000011920929 0.300000011920929 0.250000007450581 0.200000002980232 0.200000002980232 0.200000002980232 0.125000001862645 0.100000001490116 0.100000001490116 0.100000001490116 0.100000001490116 0.100000001490116 0.100000001490116 0.100000001490116
1.60000002384186 1.60000002384186 1.55000001192093 1.5 1.5 1.42499998211861 1.39999997615814 1.37499997019768 1.32499995827675 1.29999995231628 1.27499997615814 1.20000004768372 1.20000004768372 1.17500004172325 1.10000002384186 1.10000002384186 1.05000001192093 1 1 0.924999982118607 0.899999976158142 0.899999976158142 0.825000002980232 0.800000011920929 0.775000005960464 0.699999988079071 0.699999988079071 0.674999997019768 0.600000023841858 0.600000023841858 0.575000017881393 0.5 0.5 0.450000002980232 0.400000005960464 0.400000005960464 0.375000007450581 0.300000011920929 0.300000011920929 0.300000011920929 0.200000002980232 0.200000002980232 0.200000002980232 0.150000002235174 0.100000001490116 0.100000001490116 0.100000001490116 0.100000001490116 0.100000001490116 0.100000001490116 0.100000001490116
1.70000004768372 1.62500002980232 1.60000002384186 1.57500001788139 1.52500000596046 1.5 1.47499999403954 1.39999997615814 1.39999997615814 1.34999996423721 1.29999995231628 1.29999995231628 1.22500002384186 1.20000004768372 1.17500004172325 1.10000002384186 1.10000002384186 1.07500001788139 1 1 0.924999982118607 0.899999976158142 0.899999976158142 0.800000011920929 0.800000011920929 0.775000005960464 0.699999988079071 0.699999988079071 0.650000005960464 0.600000023841858 0.600000023841858 0.525000005960464 0.5 0.5 0.425000004470348 0.400000005960464 0.400000005960464 0.300000011920929 0.300000011920929 0.300000011920929 0.200000002980232 0.200000002980232 0.200000002980232 0.150000002235174 0.100000001490116 0.100000001490116 0.100000001490116 0.100000001490116 0.100000001490116 0.100000001490116 0.100000001490116
1.72500002384186 1.70000004768372 1.67500004172325 1.60000002384186 1.60000002384186 1.52500000596046 1.5 1.47499999403954 1.42499998211861 1.39999997615814 1.37499997019768 1.29999995231628 1.29999995231628 1.22500002384186 1.20000004768372 1.17500004172325 1.12500002980232 1.10000002384186 1.07500001788139 1 1 0.924999982118607 0.899999976158142 0.874999985098839 0.800000011920929 0.800000011920929 0.75 0.699999988079071 0.699999988079071 0.625000014901161 0.600000023841858 0.575000017881393 0.5 0.5 0.475000001490116 0.400000005960464 0.400000005960464 0.350000008940697 0.300000011920929 0.300000011920929 0.250000007450581 0.200000002980232 0.200000002980232 0.150000002235174 0.100000001490116 0.100000001490116 0.100000001490116 0.100000001490116 0.100000001490116 0.100000001490116 0.100000001490116
1.79999995231628 1.75 1.70000004768372 1.70000004768372 1.62500002980232 1.60000002384186 1.57500001788139 1.5 1.5 1.42499998211861 1.39999997615814 1.37499997019768 1.29999995231628 1.29999995231628 1.25 1.20000004768372 1.20000004768372 1.12500002980232 1.10000002384186 1.07500001788139 1 1 0.924999982118607 0.899999976158142 0.874999985098839 0.800000011920929 0.800000011920929 0.724999994039536 0.699999988079071 0.674999997019768 0.600000023841858 0.600000023841858 0.550000011920929 0.5 0.5 0.400000005960464 0.400000005960464 0.375000007450581 0.300000011920929 0.300000011920929 0.250000007450581 0.200000002980232 0.200000002980232 0.150000002235174 0.100000001490116 0.100000001490116 0.100000001490116 0.100000001490116 0.100000001490116 0.100000001490116 0.100000001490116
1.82499995827675 1.79999995231628 1.77499997615814 1.70000004768372 1.70000004768372 1.65000003576279 1.60000002384186 1.57500001788139 1.52500000596046 1.5 1.47499999403954 1.39999997615814 1.39999997615814 1.32499995827675 1.29999995231628 1.27499997615814 1.20000004768372 1.20000004768372 1.12500002980232 1.10000002384186 1.07500001788139 1 1 0.899999976158142 0.899999976158142 0.849999994039536 0.800000011920929 0.800000011920929 0.699999988079071 0.699999988079071 0.650000005960464 0.600000023841858 0.600000023841858 0.5 0.5 0.450000002980232 0.400000005960464 0.400000005960464 0.300000011920929 0.300000011920929 0.275000009685755 0.200000002980232 0.200000002980232 0.150000002235174 0.100000001490116 0.100000001490116 0.100000001490116 0.100000001490116 0.100000001490116 0.100000001490116 0.100000001490116
1.89999997615814 1.87499997019768 1.79999995231628 1.79999995231628 1.72500002384186 1.70000004768372 1.67500004172325 1.60000002384186 1.60000002384186 1.52500000596046 1.5 1.47499999403954 1.39999997615814 1.39999997615814 1.32499995827675 1.29999995231628 1.27499997615814 1.20000004768372 1.20000004768372 1.12500002980232 1.10000002384186 1.02500000596046 1 0.974999994039536 0.899999976158142 0.899999976158142 0.825000002980232 0.800000011920929 0.775000005960464 0.699999988079071 0.699999988079071 0.600000023841858 0.600000023841858 0.550000011920929 0.5 0.5 0.400000005960464 0.400000005960464 0.350000008940697 0.300000011920929 0.300000011920929 0.200000002980232 0.200000002980232 0.150000002235174 0.100000001490116 0.100000001490116 0.100000001490116 0.100000001490116 0.100000001490116 0.100000001490116 0.100000001490116
1.94999998807907 1.89999997615814 1.87499997019768 1.82499995827675 1.79999995231628 1.75 1.70000004768372 1.67500004172325 1.62500002980232 1.60000002384186 1.55000001192093 1.5 1.47499999403954 1.39999997615814 1.39999997615814 1.32499995827675 1.29999995231628 1.27499997615814 1.20000004768372 1.17500004172325 1.10000002384186 1.10000002384186 1.02500000596046 1 0.974999994039536 0.899999976158142 0.874999985098839 0.800000011920929 0.800000011920929 0.724999994039536 0.699999988079071 0.650000005960464 0.600000023841858 0.600000023841858 0.5 0.5 0.425000004470348 0.400000005960464 0.350000008940697 0.300000011920929 0.300000011920929 0.200000002980232 0.200000002980232 0.150000002235174 0.100000001490116 0.100000001490116 0.100000001490116 0.100000001490116 0.100000001490116 0.100000001490116 0.100000001490116
2 1.97499999403954 1.92499998211861 1.89999997615814 1.82499995827675 1.79999995231628 1.77499997615814 1.70000004768372 1.70000004768372 1.62500002980232 1.60000002384186 1.57500001788139 1.5 1.47499999403954 1.39999997615814 1.39999997615814 1.32499995827675 1.29999995231628 1.27499997615814 1.20000004768372 1.17500004172325 1.10000002384186 1.10000002384186 1.02500000596046 1 0.924999982118607 0.899999976158142 0.849999994039536 0.800000011920929 0.775000005960464 0.699999988079071 0.699999988079071 0.600000023841858 0.600000023841858 0.525000005960464 0.5 0.450000002980232 0.400000005960464 0.400000005960464 0.300000011920929 0.300000011920929 0.200000002980232 0.200000002980232 0.150000002235174 0.100000001490116 0.100000001490116 0.100000001490116 0.100000001490116 0.100000001490116 0.100000001490116 0.100000001490116
2.07499992847443 2 2 1.92499998211861 1.89999997615814 1.87499997019768 1.79999995231628 1.79999995231628 1.72500002384186 1.70000004768372 1.62500002980232 1.60000002384186 1.57500001788139 1.5 1.47499999403954 1.39999997615814 1.39999997615814 1.32499995827675 1.29999995231628 1.22500002384186 1.20000004768372 1.17500004172325 1.10000002384186 1.07500001788139 1 1 0.899999976158142 0.899999976158142 0.825000002980232 0.800000011920929 0.724999994039536 0.699999988079071 0.650000005960464 0.600000023841858 0.575000017881393 0.5 0.5 0.400000005960464 0.400000005960464 0.300000011920929 0.300000011920929 0.225000005215406 0.200000002980232 0.150000002235174 0.100000001490116 0.100000001490116 0.100000001490116 0.100000001490116 0.100000001490116 0.100000001490116 0.100000001490116
2.09999990463257 2.09999990463257 2.02499997615814 2 1.97499999403954 1.89999997615814 1.87499997019768 1.79999995231628 1.79999995231628 1.72500002384186 1.70000004768372 1.65000003576279 1.60000002384186 1.57500001788139 1.5 1.47499999403954 1.39999997615814 1.39999997615814 1.32499995827675 1.29999995231628 1.22500002384186 1.20000004768372 1.12500002980232 1.10000002384186 1.05000001192093 1 0.974999994039536 0.899999976158142 0.874999985098839 0.800000011920929 0.800000011920929 0.699999988079071 0.699999988079071 0.600000023841858 0.600000023841858 0.5 0.5 0.425000004470348 0.400000005960464 0.350000008940697 0.300000011920929 0.250000007450581 0.200000002980232 0.150000002235174 0.100000001490116 0.100000001490116 0.100000001490116 0.100000001490116 0.100000001490116 0.100000001490116 0.100000001490116
2.17500001192093 2.12499994039536 2.09999990463257 2.04999995231628 2 1.97499999403954 1.89999997615814 1.89999997615814 1.82499995827675 1.79999995231628 1.72500002384186 1.70000004768372 1.67500004172325 1.60000002384186 1.57500001788139 1.5 1.47499999403954 1.39999997615814 1.39999997615814 1.29999995231628 1.29999995231628 1.22500002384186 1.20000004768372 1.12500002980232 1.10000002384186 1.02500000596046 1 0.924999982118607 0.899999976158142 0.825000002980232 0.800000011920929 0.75 0.699999988079071 0.650000005960464 0.600000023841858 0.550000011920929 0.5 0.450000002980232 0.400000005960464 0.350000008940697 0.300000011920929 0.250000007450581 0.200000002980232 0.150000002235174 0.100000001490116 0.100000001490116 0.100000001490116 0.100000001490116 0.100000001490116 0.100000001490116 0.100000001490116
2.22500002384186 2.20000004768372 2.14999997615814 2.09999990463257 2.07499992847443 2 2 1.92499998211861 1.89999997615814 1.82499995827675 1.79999995231628 1.72500002384186 1.70000004768372 1.67500004172325 1.60000002384186 1.57500001788139 1.5 1.47499999403954 1.39999997615814 1.37499997019768 1.29999995231628 1.27499997615814 1.20000004768372 1.17500004172325 1.10000002384186 1.07500001788139 1 0.974999994039536 0.899999976158142 0.874999985098839 0.800000011920929 0.775000005960464 0.699999988079071 0.699999988079071 0.600000023841858 0.600000023841858 0.5 0.475000001490116 0.400000005960464 0.375000007450581 0.300000011920929 0.250000007450581 0.200000002980232 0.150000002235174 0.100000001490116 0.100000001490116 0.100000001490116 0.100000001490116 0.100000001490116 0.100000001490116 0.100000001490116
