Data/habitats/processed/crm-salt-marsh-corrected/crm 180x150 6s 162m - saltmarsh corrected.asc
NCOLS 150 
NROWS 180 
XLLCORNER -83.25042 
YLLCORNER 29.09958 
CELLSIZE 0.00166666666666667 
NODATA_value 0 
[rows 88 to 109 of 180, columns 0 to 50 of 150]
3.42500007152557 3.40000009536743 3.29999995231628 3.27499997615814 3.20000004768372 3.17500001192093 3.09999990463257 3.07499992847443 3 2.97500002384186 2.90000009536743 2.87500005960464 2.79999995231628 2.77499997615814 2.70000004768372 2.70000004768372 2.59999990463257 2.59999990463257 2.5 2.5 2.42500007152557 2.40000009536743 2.32499998807907 2.29999995231628 2.22500002384186 2.20000004768372 2.12499994039536 2.09999990463257 2.02499997615814 2 1.92499998211861 1.89999997615814 1.82499995827675 1.79999995231628 1.77499997615814 1.70000004768372 1.67500004172325 1.60000002384186 1.57500001788139 1.5 1.47499999403954 1.42499998211861 1.39999997615814 1.34999996423721 1.29999995231628 1.27499997615814 1.22500002384186 1.20000004768372 1.17500004172325 1.10000002384186 1.10000002384186
3.45000004768372 3.40000009536743 3.35000002384186 3.29999995231628 3.22500002384186 3.20000004768372 3.12499994039536 3.09999990463257 3.04999995231628 3 2.95000004768372 2.90000009536743 2.85000002384186 2.79999995231628 2.77499997615814 2.70000004768372 2.67500001192093 2.59999990463257 2.57499992847443 2.5 2.47500002384186 2.40000009536743 2.40000009536743 2.32499998807907 2.29999995231628 2.22500002384186 2.20000004768372 2.12499994039536 2.09999990463257 2.02499997615814 2 1.92499998211861 1.89999997615814 1.87499997019768 1.79999995231628 1.77499997615814 1.70000004768372 1.67500004172325 1.60000002384186 1.60000002384186 1.52500000596046 1.5 1.44999998807907 1.39999997615814 1.37499997019768 1.32499995827675 1.29999995231628 1.25 1.20000004768372 1.20000004768372 1.15000003576279
3.5 3.40000009536743 3.40000009536743 3.29999995231628 3.29999995231628 3.20000004768372 3.20000004768372 3.09999990463257 3.09999990463257 3 3 2.92500007152557 2.90000009536743 2.82499998807907 2.79999995231628 2.72500002384186 2.70000004768372 2.67500001192093 2.59999990463257 2.57499992847443 2.5 2.47500002384186 2.40000009536743 2.37500005960464 2.29999995231628 2.29999995231628 2.22500002384186 2.20000004768372 2.12499994039536 2.09999990463257 2.02499997615814 2 1.94999998807907 1.89999997615814 1.87499997019768 1.79999995231628 1.77499997615814 1.70000004768372 1.70000004768372 1.62500002980232 1.60000002384186 1.55000001192093 1.5 1.47499999403954 1.42499998211861 1.39999997615814 1.34999996423721 1.29999995231628 1.29999995231628 1.25 1.20000004768372
3.5 3.45000004768372 3.40000009536743 3.32499998807907 3.29999995231628 3.25 3.20000004768372 3.14999997615814 3.09999990463257 3.07499992847443 3 2.97500002384186 2.90000009536743 2.90000009536743 2.79999995231628 2.79999995231628 2.72500002384186 2.70000004768372 2.62499994039536 2.59999990463257 2.57499992847443 2.5 2.47500002384186 2.40000009536743 2.37500005960464 2.29999995231628 2.29999995231628 2.22500002384186 2.20000004768372 2.12499994039536 2.09999990463257 2.02499997615814 2 1.97499999403954 1.89999997615814 1.87499997019768 1.79999995231628 1.79999995231628 1.72500002384186 1.70000004768372 1.65000003576279 1.60000002384186 1.57500001788139 1.5 1.5 1.44999998807907 1.39999997615814 1.37499997019768 1.32499995827675 1.29999995231628 1.27499997615814
3.5 3.47500002384186 3.40000009536743 3.37500005960464 3.29999995231628 3.29999995231628 3.20000004768372 3.20000004768372 3.12499994039536 3.09999990463257 3.02499997615814 3 2.97500002384186 2.90000009536743 2.87500005960464 2.79999995231628 2.79999995231628 2.70000004768372 2.70000004768372 2.62499994039536 2.59999990463257 2.52499997615814 2.5 2.47500002384186 2.40000009536743 2.37500005960464 2.29999995231628 2.29999995231628 2.22500002384186 2.20000004768372 2.12499994039536 2.09999990463257 2.07499992847443 2 1.97499999403954 1.89999997615814 1.89999997615814 1.82499995827675 1.79999995231628 1.75 1.70000004768372 1.67500004172325 1.60000002384186 1.60000002384186 1.52500000596046 1.5 1.47499999403954 1.42499998211861 1.39999997615814 1.37499997019768 1.29999995231628
3.5 3.5 3.40000009536743 3.40000009536743 3.32499998807907 3.29999995231628 3.25 3.20000004768372 3.17500001192093 3.09999990463257 3.09999990463257 3.02499997615814 3 2.92500007152557 2.90000009536743 2.87500005960464 2.79999995231628 2.77499997615814 2.70000004768372 2.70000004768372 2.62499994039536 2.59999990463257 2.52499997615814 2.5 2.47500002384186 2.40000009536743 2.37500005960464 2.29999995231628 2.29999995231628 2.22500002384186 2.20000004768372 2.12499994039536 2.09999990463257 2.07499992847443 2 1.97499999403954 1.92499998211861 1.89999997615814 1.82499995827675 1.79999995231628 1.77499997615814 1.70000004768372 1.70000004768372 1.62500002980232 1.60000002384186 1.57500001788139 1.5 1.5 1.44999998807907 1.39999997615814 1.39999997615814
3.54999995231628 3.5 3.45000004768372 3.40000009536743 3.37500005960464 3.29999995231628 3.29999995231628 3.22500002384186 3.20000004768372 3.14999997615814 3.09999990463257 3.07499992847443 3 3 2.92500007152557 2.90000009536743 2.85000002384186 2.79999995231628 2.77499997615814 2.70000004768372 2.70000004768372 2.62499994039536 2.59999990463257 2.52499997615814 2.5 2.47500002384186 2.40000009536743 2.37500005960464 2.32499998807907 2.29999995231628 2.22500002384186 2.20000004768372 2.17500001192093 2.09999990463257 2.07499992847443 2 2 1.92499998211861 1.89999997615814 1.87499997019768 1.79999995231628 1.79999995231628 1.72500002384186 1.70000004768372 1.67500004172325 1.60000002384186 1.60000002384186 1.55000001192093 1.5 1.5 1.42499998211861
3.54999995231628 3.5 3.5 3.40000009536743 3.40000009536743 3.32499998807907 3.29999995231628 3.27499997615814 3.20000004768372 3.20000004768372 3.12499994039536 3.09999990463257 3.07499992847443 3 3 2.90000009536743 2.90000009536743 2.82499998807907 2.79999995231628 2.77499997615814 2.70000004768372 2.70000004768372 2.62499994039536 2.59999990463257 2.52499997615814 2.5 2.47500002384186 2.40000009536743 2.40000009536743 2.32499998807907 2.29999995231628 2.22500002384186 2.20000004768372 2.17500001192093 2.09999990463257 2.09999990463257 2.02499997615814 2 1.97499999403954 1.89999997615814 1.87499997019768 1.82499995827675 1.79999995231628 1.77499997615814 1.70000004768372 1.70000004768372 1.62500002980232 1.60000002384186 1.57500001788139 1.52500000596046 1.5
3.59999990463257 3.5 3.5 3.45000004768372 3.40000009536743 3.40000009536743 3.29999995231628 3.29999995231628 3.25 3.20000004768372 3.20000004768372 3.09999990463257 3.09999990463257 3.02499997615814 3 2.97500002384186 2.90000009536743 2.90000009536743 2.82499998807907 2.79999995231628 2.77499997615814 2.70000004768372 2.70000004768372 2.62499994039536 2.59999990463257 2.54999995231628 2.5 2.47500002384186 2.40000009536743 2.40000009536743 2.32499998807907 2.29999995231628 2.27499997615814 2.20000004768372 2.17500001192093 2.12499994039536 2.09999990463257 2.04999995231628 2 1.97499999403954 1.92499998211861 1.89999997615814 1.84999996423721 1.79999995231628 1.77499997615814 1.72500002384186 1.70000004768372 1.67500004172325 1.60000002384186 1.60000002384186 1.55000001192093
3.59999990463257 3.52499997615814 3.5 3.5 3.40000009536743 3.40000009536743 3.37500005960464 3.29999995231628 3.29999995231628 3.22500002384186 3.20000004768372 3.17500001192093 3.09999990463257 3.09999990463257 3.02499997615814 3 2.97500002384186 2.90000009536743 2.90000009536743 2.82499998807907 2.79999995231628 2.77499997615814 2.70000004768372 2.70000004768372 2.62499994039536 2.59999990463257 2.57499992847443 2.5 2.47500002384186 2.42500007152557 2.40000009536743 2.35000002384186 2.29999995231628 2.27499997615814 2.20000004768372 2.20000004768372 2.12499994039536 2.09999990463257 2.07499992847443 2 2 1.92499998211861 1.89999997615814 1.87499997019768 1.82499995827675 1.79999995231628 1.75 1.70000004768372 1.70000004768372 1.62500002980232 1.60000002384186
3.59999990463257 3.57499992847443 3.5 3.5 3.47500002384186 3.40000009536743 3.40000009536743 3.32499998807907 3.29999995231628 3.29999995231628 3.22500002384186 3.20000004768372 3.17500001192093 3.09999990463257 3.09999990463257 3.02499997615814 3 2.97500002384186 2.90000009536743 2.90000009536743 2.82499998807907 2.79999995231628 2.77499997615814 2.70000004768372 2.70000004768372 2.62499994039536 2.59999990463257 2.57499992847443 2.5 2.5 2.42500007152557 2.40000009536743 2.37500005960464 2.29999995231628 2.29999995231628 2.22500002384186 2.20000004768372 2.17500001192093 2.09999990463257 2.09999990463257 2.02499997615814 2 1.97499999403954 1.89999997615814 1.89999997615814 1.84999996423721 1.79999995231628 1.77499997615814 1.72500002384186 1.70000004768372 1.67500004172325
3.59999990463257 3.59999990463257 3.52499997615814 3.5 3.5 3.42500007152557 3.40000009536743 3.40000009536743 3.32499998807907 3.29999995231628 3.27499997615814 3.20000004768372 3.20000004768372 3.17500001192093 3.09999990463257 3.09999990463257 3.02499997615814 3 2.97500002384186 2.90000009536743 2.90000009536743 2.82499998807907 2.79999995231628 2.77499997615814 2.70000004768372 2.70000004768372 2.62499994039536 2.59999990463257 2.57499992847443 2.52499997615814 2.5 2.45000004768372 2.40000009536743 2.37500005960464 2.32499998807907 2.29999995231628 2.25 2.20000004768372 2.17500001192093 2.12499994039536 2.09999990463257 2.07499992847443 2 2 1.92499998211861 1.89999997615814 1.87499997019768 1.82499995827675 1.79999995231628 1.75 1.70000004768372
3.59999990463257 3.59999990463257 3.59999990463257 3.52499997615814 3.5 3.5 3.42500007152557 3.40000009536743 3.40000009536743 3.32499998807907 3.29999995231628 3.27499997615814 3.20000004768372 3.20000004768372 3.17500001192093 3.09999990463257 3.09999990463257 3.02499997615814 3 2.97500002384186 2.90000009536743 2.90000009536743 2.85000002384186 2.79999995231628 2.79999995231628 2.72500002384186 2.70000004768372 2.67500001192093 2.59999990463257 2.59999990463257 2.52499997615814 2.5 2.47500002384186 2.40000009536743 2.40000009536743 2.32499998807907 2.29999995231628 2.27499997615814 2.22500002384186 2.20000004768372 2.14999997615814 2.09999990463257 2.07499992847443 2.02499997615814 2 1.97499999403954 1.89999997615814 1.89999997615814 1.82499995827675 1.79999995231628 1.77499997615814
3.59999990463257 3.59999990463257 3.59999990463257 3.59999990463257 3.52499997615814 3.5 3.5 3.42500007152557 3.40000009536743 3.40000009536743 3.32499998807907 3.29999995231628 3.27499997615814 3.20000004768372 3.20000004768372 3.17500001192093 3.09999990463257 3.09999990463257 3.02499997615814 3 2.97500002384186 2.92500007152557 2.90000009536743 2.87500005960464 2.79999995231628 2.79999995231628 2.72500002384186 2.70000004768372 2.67500001192093 2.59999990463257 2.59999990463257 2.54999995231628 2.5 2.5 2.42500007152557 2.40000009536743 2.37500005960464 2.29999995231628 2.29999995231628 2.22500002384186 2.20000004768372 2.17500001192093 2.12499994039536 2.09999990463257 2.04999995231628 2 2 1.92499998211861 1.89999997615814 1.87499997019768 1.79999995231628
3.70000004768372 3.62499994039536 3.59999990463257 3.59999990463257 3.59999990463257 3.52499997615814 3.5 3.5 3.42500007152557 3.40000009536743 3.40000009536743 3.32499998807907 3.29999995231628 3.27499997615814 3.20000004768372 3.20000004768372 3.17500001192093 3.09999990463257 3.09999990463257 3.02499997615814 3 3 2.92500007152557 2.90000009536743 2.87500005960464 2.79999995231628 2.79999995231628 2.75 2.70000004768372 2.70000004768372 2.62499994039536 2.59999990463257 2.57499992847443 2.5 2.5 2.45000004768372 2.40000009536743 2.40000009536743 2.32499998807907 2.29999995231628 2.27499997615814 2.20000004768372 2.20000004768372 2.14999997615814 2.09999990463257 2.07499992847443 2.02499997615814 2 1.97499999403954 1.89999997615814 1.89999997615814
3.70000004768372 3.70000004768372 3.67500001192093 3.59999990463257 3.59999990463257 3.59999990463257 3.52499997615814 3.5 3.5 3.42500007152557 3.40000009536743 3.40000009536743 3.32499998807907 3.29999995231628 3.27499997615814 3.22500002384186 3.20000004768372 3.17500001192093 3.09999990463257 3.09999990463257 3.07499992847443 3 3 2.92500007152557 2.90000009536743 2.90000009536743 2.82499998807907 2.79999995231628 2.77499997615814 2.70000004768372 2.70000004768372 2.64999997615814 2.59999990463257 2.59999990463257 2.52499997615814 2.5 2.47500002384186 2.42500007152557 2.40000009536743 2.35000002384186 2.29999995231628 2.29999995231628 2.22500002384186 2.20000004768372 2.17500001192093 2.09999990463257 2.09999990463257 2.04999995231628 2 1.97499999403954 1.92499998211861
3.75 3.70000004768372 3.70000004768372 3.70000004768372 3.62499994039536 3.59999990463257 3.59999990463257 3.52499997615814 3.5 3.5 3.42500007152557 3.40000009536743 3.40000009536743 3.32499998807907 3.29999995231628 3.29999995231628 3.22500002384186 3.20000004768372 3.17500001192093 3.12499994039536 3.09999990463257 3.07499992847443 3 3 2.97500002384186 2.90000009536743 2.90000009536743 2.85000002384186 2.79999995231628 2.79999995231628 2.72500002384186 2.70000004768372 2.67500001192093 2.62499994039536 2.59999990463257 2.57499992847443 2.5 2.5 2.42500007152557 2.40000009536743 2.37500005960464 2.32499998807907 2.29999995231628 2.27499997615814 2.20000004768372 2.20000004768372 2.12499994039536 2.09999990463257 2.07499992847443 2.02499997615814 2
3.79999995231628 3.79999995231628 3.72500002384186 3.70000004768372 3.70000004768372 3.64999997615814 3.59999990463257 3.59999990463257 3.54999995231628 3.5 3.5 3.45000004768372 3.40000009536743 3.40000009536743 3.35000002384186 3.29999995231628 3.29999995231628 3.22500002384186 3.20000004768372 3.20000004768372 3.12499994039536 3.09999990463257 3.09999990463257 3.02499997615814 3 2.97500002384186 2.92500007152557 2.90000009536743 2.87500005960464 2.79999995231628 2.79999995231628 2.77499997615814 2.70000004768372 2.70000004768372 2.64999997615814 2.59999990463257 2.59999990463257 2.52499997615814 2.5 2.47500002384186 2.40000009536743 2.40000009536743 2.35000002384186 2.29999995231628 2.29999995231628 2.22500002384186 2.20000004768372 2.17500001192093 2.09999990463257 2.09999990463257 2.02499997615814
3.87500005960464 3.82499998807907 3.79999995231628 3.77499997615814 3.70000004768372 3.70000004768372 3.67500001192093 3.59999990463257 3.59999990463257 3.57499992847443 3.5 3.5 3.47500002384186 3.40000009536743 3.40000009536743 3.37500005960464 3.29999995231628 3.29999995231628 3.27499997615814 3.20000004768372 3.20000004768372 3.17500001192093 3.09999990463257 3.09999990463257 3.04999995231628 3 3 2.95000004768372 2.90000009536743 2.90000009536743 2.82499998807907 2.79999995231628 2.77499997615814 2.72500002384186 2.70000004768372 2.67500001192093 2.62499994039536 2.59999990463257 2.57499992847443 2.5 2.5 2.42500007152557 2.40000009536743 2.37500005960464 2.32499998807907 2.29999995231628 2.27499997615814 2.20000004768372 2.20000004768372 2.12499994039536 2.09999990463257
3.92500007152557 3.90000009536743 3.85000002384186 3.79999995231628 3.79999995231628 3.72500002384186 3.70000004768372 3.67500001192093 3.62499994039536 3.59999990463257 3.57499992847443 3.52499997615814 3.5 3.47500002384186 3.42500007152557 3.40000009536743 3.37500005960464 3.32499998807907 3.29999995231628 3.27499997615814 3.22500002384186 3.20000004768372 3.17500001192093 3.12499994039536 3.09999990463257 3.07499992847443 3.02499997615814 3 2.97500002384186 2.90000009536743 2.90000009536743 2.87500005960464 2.79999995231628 2.79999995231628 2.75 2.70000004768372 2.70000004768372 2.64999997615814 2.59999990463257 2.59999990463257 2.52499997615814 2.5 2.47500002384186 2.42500007152557 2.40000009536743 2.35000002384186 2.29999995231628 2.29999995231628 2.22500002384186 2.20000004768372 2.17500001192093
4.02499997615814 3.97500002384186 3.90000009536743 3.87500005960464 3.79999995231628 3.79999995231628 3.72500002384186 3.70000004768372 3.70000004768372 3.62499994039536 3.59999990463257 3.59999990463257 3.52499997615814 3.5 3.5 3.42500007152557 3.40000009536743 3.40000009536743 3.32499998807907 3.29999995231628 3.29999995231628 3.25 3.20000004768372 3.20000004768372 3.14999997615814 3.09999990463257 3.09999990463257 3.04999995231628 3 3 2.92500007152557 2.90000009536743 2.90000009536743 2.82499998807907 2.79999995231628 2.77499997615814 2.72500002384186 2.70000004768372 2.67500001192093 2.62499994039536 2.59999990463257 2.57499992847443 2.5 2.5 2.45000004768372 2.40000009536743 2.37500005960464 2.32499998807907 2.29999995231628 2.25 2.20000004768372
4.09999990463257 4.02499997615814 3.97500002384186 3.90000009536743 3.87500005960464 3.79999995231628 3.79999995231628 3.77499997615814 3.70000004768372 3.70000004768372 3.67500001192093 3.59999990463257 3.59999990463257 3.57499992847443 3.5 3.5 3.47500002384186 3.40000009536743 3.40000009536743 3.37500005960464 3.29999995231628 3.29999995231628 3.27499997615814 3.20000004768372 3.20000004768372 3.17500001192093 3.12499994039536 3.09999990463257 3.07499992847443 3.02499997615814 3 2.97500002384186 2.92500007152557 2.90000009536743 2.87500005960464 2.79999995231628 2.79999995231628 2.77499997615814 2.70000004768372 2.70000004768372 2.64999997615814 2.59999990463257 2.59999990463257 2.52499997615814 2.5 2.47500002384186 2.42500007152557 2.40000009536743 2.35000002384186 2.29999995231628 2.27499997615814
